nodenumber     x-coordinate     y-coordinate pressure-coefficient 
         1 -2.407884940E-01 -3.412229169E-02 -6.478788812E-02 
         2 -2.373396070E-01 -3.412118647E-02 -6.444296146E-02 
         3 -2.442225087E-01 -3.412036162E-02 -6.512742096E-02 
         4 -2.338760862E-01 -3.411706819E-02 -6.409356453E-02 
         5 -2.476414573E-01 -3.411538482E-02 -6.546303910E-02 
         6 -2.303981251E-01 -3.410995536E-02 -6.374170910E-02 
         7 -2.510451164E-01 -3.410734650E-02 -6.579684288E-02 
         8 -2.269059475E-01 -3.409986257E-02 -6.338733239E-02 
         9 -2.544333071E-01 -3.409623179E-02 -6.612939473E-02 
        10 -2.233997768E-01 -3.408679449E-02 -6.302746753E-02 
        11 -2.578057611E-01 -3.408201492E-02 -6.645670038E-02 
        12 -2.198798066E-01 -3.407079056E-02 -6.266646226E-02 
        13 -2.611623295E-01 -3.406466621E-02 -6.677485679E-02 
        14 -2.163462756E-01 -3.405183402E-02 -6.230189329E-02 
        15 -2.645027739E-01 -3.404416678E-02 -6.708638992E-02 
        16 -2.127993774E-01 -3.402997817E-02 -6.193579863E-02 
        17 -2.678269153E-01 -3.402050890E-02 -6.739573927E-02 
        18 -2.092393653E-01 -3.400518114E-02 -6.156433098E-02 
        19 -2.711345154E-01 -3.399367066E-02 -6.769790230E-02 
        20 -2.056664330E-01 -3.397750769E-02 -6.118744497E-02 
        21 -2.744253655E-01 -3.396361157E-02 -6.799081568E-02 
        22 -2.020808041E-01 -3.394693669E-02 -6.080992353E-02 
        23 -2.776993167E-01 -3.393032334E-02 -6.827735529E-02 
        24 -1.984827022E-01 -3.391349344E-02 -6.042596353E-02 
        25 -2.809561007E-01 -3.389378044E-02 -6.855273467E-02 
        26 -1.948723507E-01 -3.387717523E-02 -6.003663381E-02 
        27 -2.841955684E-01 -3.385394953E-02 -6.882222064E-02 
        28 -1.912499732E-01 -3.383801789E-02 -5.964426462E-02 
        29 -2.874174815E-01 -3.381083341E-02 -6.908392430E-02 
        30 -1.876157932E-01 -3.379600372E-02 -5.924737771E-02 
        31 -2.906216909E-01 -3.376437054E-02 -6.932967001E-02 
        32 -1.839700342E-01 -3.375115133E-02 -5.884160868E-02 
        33 -2.938079284E-01 -3.371454844E-02 -6.956219108E-02 
        34 -1.803129199E-01 -3.370347913E-02 -5.843198703E-02 
        35 -2.969760449E-01 -3.366134505E-02 -6.978311613E-02 
        36 -1.766446885E-01 -3.365299785E-02 -5.801940272E-02 
        37 -3.001258618E-01 -3.360473806E-02 -6.998977968E-02 
        38 -1.729655339E-01 -3.359970054E-02 -5.759956574E-02 
        39 -3.032571405E-01 -3.354469069E-02 -7.018315485E-02 
        40 -1.692757243E-01 -3.354360203E-02 -5.717083402E-02 
        41 -1.655754534E-01 -3.348471327E-02 -5.673563797E-02 
        42 -3.063697022E-01 -3.348119108E-02 -7.035828839E-02 
        43 -1.618649596E-01 -3.342303817E-02 -5.629272583E-02 
        44 -3.094633681E-01 -3.341418460E-02 -7.051593790E-02 
        45 -1.581444814E-01 -3.335858762E-02 -5.584138615E-02 
        46 -3.125379295E-01 -3.334367704E-02 -7.065531812E-02 
        47 -1.544142423E-01 -3.329136225E-02 -5.538042553E-02 
        48 -3.155932077E-01 -3.326960704E-02 -7.077090430E-02 
        49 -1.506744658E-01 -3.322138728E-02 -5.491184533E-02 
        50 -3.186290239E-01 -3.319196567E-02 -7.086613899E-02 
        51 -1.469253905E-01 -3.314865572E-02 -5.443512496E-02 
        52 -3.216451694E-01 -3.311072018E-02 -7.093800320E-02 
        53 -1.431672546E-01 -3.307317864E-02 -5.394700830E-02 
        54 -3.246414654E-01 -3.302584071E-02 -7.098462215E-02 
        55 -1.394002669E-01 -3.299496366E-02 -5.344851160E-02 
        56 -3.276177331E-01 -3.293729750E-02 -7.100516866E-02 
        57 -1.356246807E-01 -3.291402521E-02 -5.294024616E-02 
        58 -3.305737936E-01 -3.284506444E-02 -7.099566187E-02 
        59 -1.318407194E-01 -3.283035982E-02 -5.242020520E-02 
        60 -3.335094384E-01 -3.274910467E-02 -7.095531912E-02 
        61 -1.280486216E-01 -3.274397531E-02 -5.188566937E-02 
        62 -1.242486257E-01 -3.265489347E-02 -5.133980777E-02 
        63 -3.364245185E-01 -3.264940267E-02 -7.088821508E-02 
        64 -1.204409478E-01 -3.256311483E-02 -5.078230116E-02 
        65 -3.393188550E-01 -3.254592915E-02 -7.078443932E-02 
        66 -1.166258412E-01 -3.246866051E-02 -5.021293480E-02 
        67 -3.421922393E-01 -3.243862907E-02 -7.063925289E-02 
        68 -1.128035368E-01 -3.237150651E-02 -4.962649475E-02 
        69 -3.450444926E-01 -3.232749727E-02 -7.045907869E-02 
        70 -1.089742583E-01 -3.227170680E-02 -4.902603421E-02 
        71 -3.478754659E-01 -3.221250834E-02 -7.023692498E-02 
        72 -1.051382589E-01 -3.216924378E-02 -4.841403097E-02 
        73 -3.506849805E-01 -3.209361461E-02 -6.997210217E-02 
        74 -1.012957622E-01 -3.206413932E-02 -4.778506510E-02 
        75 -3.534728573E-01 -3.197081113E-02 -6.966210626E-02 
        76 -9.744701401E-02 -3.195639732E-02 -4.714064395E-02 
        77 -9.359224541E-02 -3.184602961E-02 -4.647856339E-02 
        78 -3.562389178E-01 -3.184404725E-02 -6.929990756E-02 
        79 -8.973170227E-02 -3.173307183E-02 -4.580341682E-02 
        80 -3.589830129E-01 -3.171330702E-02 -6.888920263E-02 
        81 -8.586561553E-02 -3.161749959E-02 -4.511066733E-02 
        82 -3.617049339E-01 -3.157857209E-02 -6.842451640E-02 
        83 -8.199422364E-02 -3.149935329E-02 -4.439807585E-02 
        84 -3.644045617E-01 -3.143979849E-02 -6.790327200E-02 
        85 -7.811776507E-02 -3.137865068E-02 -4.367216973E-02 
        86 -3.670816876E-01 -3.129697791E-02 -6.732407735E-02 
        87 -7.423648565E-02 -3.125537849E-02 -4.292565196E-02 
        88 -3.697361925E-01 -3.115007031E-02 -6.667948391E-02 
        89 -7.035062384E-02 -3.112958408E-02 -4.215996802E-02 
        90 -6.646041062E-02 -3.100127517E-02 -4.137928651E-02 
        91 -3.723678380E-01 -3.099905489E-02 -6.596911359E-02 
        92 -6.256609190E-02 -3.087046999E-02 -4.057992818E-02 
        93 -3.749765346E-01 -3.084391283E-02 -6.518876018E-02 
        94 -5.866790606E-02 -3.073717323E-02 -3.975911565E-02 
        95 -3.775621036E-01 -3.068461131E-02 -6.433715744E-02 
        96 -5.476609903E-02 -3.060142504E-02 -3.891888718E-02 
        97 -3.801243662E-01 -3.052114402E-02 -6.340721615E-02 
        98 -5.086090549E-02 -3.046323545E-02 -3.806065435E-02 
        99 -3.826631734E-01 -3.035346570E-02 -6.239942323E-02 
       100 -4.695256764E-02 -3.032264072E-02 -3.718411212E-02 
       101 -3.851783761E-01 -3.018158949E-02 -6.130983409E-02 
       102 -4.304132759E-02 -3.017964188E-02 -3.628744905E-02 
       103 -3.912742752E-02 -3.003427788E-02 -3.536951761E-02 
       104 -3.876698255E-01 -3.000545820E-02 -6.012918851E-02 
       105 -3.521110588E-02 -2.988658151E-02 -3.443533361E-02 
       106 -3.901373427E-01 -2.982507742E-02 -5.885971178E-02 
       107 -3.129260479E-02 -2.973655933E-02 -3.348107788E-02 
       108 -3.925807787E-01 -2.964042399E-02 -5.749219964E-02 
       109 -2.737216832E-02 -2.958425344E-02 -3.250607917E-02 
       110 -3.949999845E-01 -2.945147384E-02 -5.602482388E-02 
       111 -2.345003674E-02 -2.942967917E-02 -3.151093590E-02 
       112 -1.952645220E-02 -2.927286829E-02 -3.049352744E-02 
       113 -3.973948411E-01 -2.925822447E-02 -5.445729892E-02 
       114 -1.560165499E-02 -2.911385665E-02 -2.945541084E-02 
       115 -3.997651695E-01 -2.906065810E-02 -5.278003178E-02 
       116 -1.167589106E-02 -2.895269637E-02 -2.840158506E-02 
       117 -4.021108506E-01 -2.885874889E-02 -5.098679323E-02 
       118 -7.749400599E-03 -2.878937176E-02 -2.732530026E-02 
       119 -4.044317057E-01 -2.865249633E-02 -4.907602059E-02 
       120 -3.822424944E-03 -2.862397309E-02 -2.622951084E-02 
       121  1.047929001E-04 -2.845648758E-02 -2.511590950E-02 
       122 -4.067276156E-01 -2.844189143E-02 -4.704664755E-02 
       123  4.032010728E-03 -2.828697938E-02 -2.398012070E-02 
       124 -4.089984312E-01 -2.822692873E-02 -4.488858874E-02 
       125  7.958986401E-03 -2.811547500E-02 -2.282713833E-02 
       126 -4.112440038E-01 -2.800758123E-02 -4.259233227E-02 
       127  1.188547682E-02 -2.794201719E-02 -2.165504449E-02 
       128 -4.134641843E-01 -2.778385541E-02 -4.015805283E-02 
       129  1.581124076E-02 -2.776664511E-02 -2.046522396E-02 
       130  1.973603793E-02 -2.758939963E-02 -1.925782975E-02 
       131 -4.156588832E-01 -2.755574791E-02 -3.757933553E-02 
       132  2.365962245E-02 -2.741031846E-02 -1.803239146E-02 
       133 -4.178279518E-01 -2.732325002E-02 -3.485526638E-02 
       134  2.758175400E-02 -2.722945501E-02 -1.679075784E-02 
       135 -4.199712111E-01 -2.708637975E-02 -3.197571099E-02 
       136  3.150219045E-02 -2.704684144E-02 -1.553281997E-02 
       137  3.542069149E-02 -2.686252796E-02 -1.425779203E-02 
       138 -4.220885721E-01 -2.684510348E-02 -2.893077035E-02 
       139  3.933701310E-02 -2.667656112E-02 -1.296772230E-02 
       140 -4.241798856E-01 -2.659944382E-02 -2.571576677E-02 
       141  4.325091313E-02 -2.648898744E-02 -1.166278468E-02 
       142 -4.262450325E-01 -2.634939096E-02 -2.232643646E-02 
       143  4.716215314E-02 -2.629985189E-02 -1.034262724E-02 
       144  5.107049096E-02 -2.610920816E-02 -9.008261645E-03 
       145 -4.282838937E-01 -2.609496633E-02 -1.875725645E-02 
       146  5.497568447E-02 -2.591709958E-02 -7.659785931E-03 
       147 -4.302963204E-01 -2.583616216E-02 -1.499590629E-02 
       148  5.887749146E-02 -2.572358518E-02 -6.298266162E-03 
       149 -4.322821934E-01 -2.557299084E-02 -1.104130208E-02 
       150  6.277567726E-02 -2.552870464E-02 -4.923825024E-03 
       151  6.666999598E-02 -2.533251748E-02 -3.536446417E-03 
       152 -4.342414233E-01 -2.530546734E-02 -6.882558843E-03 
       153  7.056020917E-02 -2.513507925E-02 -2.139048302E-03 
       154 -4.361738315E-01 -2.503359298E-02 -2.510004335E-03 
       155  7.444607098E-02 -2.493643521E-02 -7.306482049E-04 
       156 -4.380793288E-01 -2.475739096E-02  2.080213462E-03 
       157  7.832735038E-02 -2.473664817E-02  6.877713163E-04 
       158  8.220380898E-02 -2.453576318E-02  2.115496493E-03 
       159 -4.399578257E-01 -2.447686967E-02  6.897218521E-03 
       160  8.607520088E-02 -2.433383805E-02  3.553083875E-03 
       161 -4.418091736E-01 -2.419204980E-02  1.195099569E-02 
       162  8.994128764E-02 -2.413093231E-02  4.998133326E-03 
       163  9.380183083E-02 -2.392710173E-02  6.449517768E-03 
       164 -4.436332532E-01 -2.390294670E-02  1.725422232E-02 
       165  9.765659948E-02 -2.372239862E-02  7.907523030E-03 
       166 -4.454299755E-01 -2.360957548E-02  2.281374131E-02 
       167  1.015053477E-01 -2.351688069E-02  9.371741089E-03 
       168 -4.471992213E-01 -2.331197130E-02  2.863180879E-02 
       169  1.053478445E-01 -2.331060393E-02  1.084113109E-02 
       170  1.091838440E-01 -2.310362786E-02  1.231463045E-02 
       171 -4.489408715E-01 -2.301016464E-02  3.472324609E-02 
       172  1.130131227E-01 -2.289600834E-02  1.379129201E-02 
       173 -4.506548074E-01 -2.270416432E-02  4.110460712E-02 
       174  1.168354272E-01 -2.268780141E-02  1.527093908E-02 
       175  1.206505340E-01 -2.247906657E-02  1.675250023E-02 
       176 -4.523409694E-01 -2.239400107E-02  4.778763721E-02 
       177  1.244582121E-01 -2.226985972E-02  1.823490081E-02 
       178 -4.539992088E-01 -2.207970594E-02  5.477769289E-02 
       179  1.282582082E-01 -2.206023857E-02  1.971772948E-02 
       180  1.320503062E-01 -2.185025734E-02  2.120049040E-02 
       181 -4.556294662E-01 -2.176131571E-02  6.208486192E-02 
       182  1.358342676E-01 -2.163997727E-02  2.268172023E-02 
       183 -4.572315930E-01 -2.143886179E-02  6.972380014E-02 
       184  1.396098542E-01 -2.142945255E-02  2.416048442E-02 
       185  1.433768422E-01 -2.121874064E-02  2.563634090E-02 
       186 -4.588055298E-01 -2.111238095E-02  7.770617908E-02 
       187  1.471349783E-01 -2.100789216E-02  2.710923177E-02 
       188  1.508840540E-01 -2.079696493E-02  2.857859895E-02 
       189 -4.603511578E-01 -2.078191159E-02  8.604932265E-02 
       190  1.546238308E-01 -2.058601991E-02  3.004168076E-02 
       191 -4.618683581E-01 -2.044749522E-02  9.476792277E-02 
       192  1.583540703E-01 -2.037510231E-02  3.149904441E-02 
       193  1.620745489E-01 -2.016427129E-02  3.295047098E-02 
       194 -4.633571014E-01 -2.010916374E-02  1.038743687E-01 
       195  1.657850431E-01 -1.995357211E-02  3.439520180E-02 
       196 -4.648172688E-01 -1.976696999E-02  1.133843708E-01 
       197  1.694853144E-01 -1.974306754E-02  3.583192566E-02 
       198  1.731751245E-01 -1.953280257E-02  3.725947601E-02 
       199 -4.662487417E-01 -1.942096339E-02  1.233108683E-01 
       200  1.768542796E-01 -1.932282747E-02  3.867842214E-02 
       201  1.805225115E-01 -1.911319606E-02  4.008717911E-02 
       202 -4.676514907E-01 -1.907117621E-02  1.336742058E-01 
       203  1.841796263E-01 -1.890395123E-02  4.148560927E-02 
       204 -4.690253676E-01 -1.871766723E-02  1.444971495E-01 
       205  1.878253858E-01 -1.869513990E-02  4.287400552E-02 
       206  1.914595663E-01 -1.848681730E-02  4.425009404E-02 
       207 -4.703703132E-01 -1.836048698E-02  1.557927171E-01 
       208  1.950819444E-01 -1.827901920E-02  4.561386108E-02 
       209  1.986922964E-01 -1.807179217E-02  4.696619109E-02 
       210 -4.716862388E-01 -1.799969773E-02  1.675840643E-01 
       211  2.022903989E-01 -1.786518257E-02  4.830500958E-02 
       212  2.058760284E-01 -1.765922970E-02  4.963009402E-02 
       213 -4.729730858E-01 -1.763533325E-02  1.798946691E-01 
       214  2.094489612E-01 -1.745397778E-02  5.094084976E-02 
       215 -4.742307653E-01 -1.726746215E-02  1.927437811E-01 
       216  2.130089739E-01 -1.724945745E-02  5.223795433E-02 
       217  2.165558727E-01 -1.704571976E-02  5.351961595E-02 
       218 -4.754592189E-01 -1.689613640E-02  2.061517590E-01 
       219  2.200894043E-01 -1.684278793E-02  5.478588583E-02 
       220  2.236093749E-01 -1.664070610E-02  5.603746173E-02 
       221 -4.766583282E-01 -1.652143497E-02  2.201437446E-01 
       222  2.271155461E-01 -1.643950424E-02  5.727268103E-02 
       223  2.306077243E-01 -1.623921396E-02  5.849238141E-02 
       224 -4.778280351E-01 -1.614340475E-02  2.347461978E-01 
       225  2.340856858E-01 -1.603986707E-02  5.969593021E-02 
       226  2.375492071E-01 -1.584149839E-02  6.088211017E-02 
       227 -4.789682808E-01 -1.576211300E-02  2.499805208E-01 
       228  2.409980945E-01 -1.564412533E-02  6.205194848E-02 
       229  2.444321096E-01 -1.544778464E-02  6.320522292E-02 
       230 -4.800790074E-01 -1.537762211E-02  2.658710056E-01 
       231  2.478510585E-01 -1.525249676E-02  6.434067460E-02 
       232  2.512547179E-01 -1.505828249E-02  6.545996684E-02 
       233 -4.811600973E-01 -1.499001123E-02  2.824345807E-01 
       234  2.546429088E-01 -1.486516740E-02  6.656224153E-02 
       235  2.580153630E-01 -1.467316877E-02  6.764770907E-02 
       236 -4.822115520E-01 -1.459932975E-02  2.996833954E-01 
       237  2.613719315E-01 -1.448231034E-02  6.871606916E-02 
       238  2.647123759E-01 -1.429260793E-02  6.976654812E-02 
       239 -4.832332841E-01 -1.420566134E-02  3.176335520E-01 
       240  2.680365173E-01 -1.410407374E-02  7.080070344E-02 
       241  2.713441172E-01 -1.391672544E-02  7.181848374E-02 
       242 -4.842252067E-01 -1.380907767E-02  3.362980591E-01 
       243  2.746349671E-01 -1.373057776E-02  7.281940847E-02 
       244  2.779089180E-01 -1.354563807E-02  7.380378144E-02 
       245 -4.851872918E-01 -1.340965008E-02  3.556807013E-01 
       246  2.811657015E-01 -1.336191778E-02  7.477264099E-02 
       247  2.844051687E-01 -1.317942756E-02  7.572553562E-02 
       248 -4.861194530E-01 -1.300747046E-02  3.757943231E-01 
       249  2.876270811E-01 -1.299817066E-02  7.666313352E-02 
       250  2.908312897E-01 -1.281815605E-02  7.758586187E-02 
       251  2.940175263E-01 -1.263939109E-02  7.849316818E-02 
       252 -4.870216639E-01 -1.260259306E-02  3.966569478E-01 
       253  2.971856417E-01 -1.246187391E-02  7.938653329E-02 
       254  3.003354573E-01 -1.228560482E-02  8.026697061E-02 
       255 -4.878938677E-01 -1.219510639E-02  4.184478237E-01 
       256  3.034667346E-01 -1.211059419E-02  8.113338762E-02 
       257  3.065792947E-01 -1.193683074E-02  8.198743556E-02 
       258 -4.887360090E-01 -1.178508825E-02  4.414349954E-01 
       259  3.096729588E-01 -1.176432195E-02  8.282965255E-02 
       260  3.127475182E-01 -1.159305647E-02  8.366061524E-02 
       261  3.158027943E-01 -1.142303930E-02  8.448122375E-02 
       262 -4.895480622E-01 -1.137261130E-02  4.656476233E-01 
       263  3.188386080E-01 -1.125426125E-02  8.529122827E-02 
       264  3.218547508E-01 -1.108671847E-02  8.609278123E-02 
       265 -4.903299128E-01 -1.095779902E-02  4.910074476E-01 
       266  3.248510439E-01 -1.092040271E-02  8.688651737E-02 
       267  3.278273083E-01 -1.075530903E-02  8.767236604E-02 
       268  3.307833654E-01 -1.059142644E-02  8.845117001E-02 
       269 -4.910815965E-01 -1.054068908E-02  5.174987504E-01 
       270  3.337190065E-01 -1.042874997E-02  8.922399568E-02 
       271  3.366340825E-01 -1.026726491E-02  8.999202992E-02 
       272 -4.918030595E-01 -1.012137567E-02  5.451222255E-01 
       273  3.395284146E-01 -1.010696286E-02  9.075650293E-02 
       274  3.424017941E-01 -9.947837231E-03  9.151745174E-02 
       275  3.452540423E-01 -9.789878218E-03  9.227538130E-02 
       276 -4.924942193E-01 -9.699973195E-03  5.738741441E-01 
       277  3.480850102E-01 -9.633065182E-03  9.303314706E-02 
       278  3.508945188E-01 -9.477395428E-03  9.379110258E-02 
       279  3.536823895E-01 -9.322849966E-03  9.454997062E-02 
       280 -4.931550842E-01 -9.276537588E-03  6.037284634E-01 
       281  3.564484432E-01 -9.169421851E-03  9.531154607E-02 
       282  3.591925311E-01 -9.017094480E-03  9.607644393E-02 
       283  3.619144444E-01 -8.865858433E-03  9.684661529E-02 
       284 -4.937856024E-01 -8.851180625E-03  6.346549868E-01 
       285  3.646140640E-01 -8.715697827E-03  9.762340190E-02 
       286  3.672911813E-01 -8.566601601E-03  9.840838150E-02 
       287 -4.943857253E-01 -8.423997783E-03  6.666135393E-01 
       288  3.699456770E-01 -8.418556584E-03  9.920215974E-02 
       289  3.725773126E-01 -8.271554260E-03  1.000055166E-01 
       290  3.751859988E-01 -8.125576316E-03  1.008205340E-01 
       291 -4.949554928E-01 -7.995034954E-03  6.995391591E-01 
       292  3.777715567E-01 -7.980615677E-03  1.016478949E-01 
       293  3.803338076E-01 -7.836656283E-03  1.024895669E-01 
       294  3.828726023E-01 -7.693693459E-03  1.033464268E-01 
       295 -4.954948282E-01 -7.564423369E-03  7.333326110E-01 
       296  3.853877919E-01 -7.551706797E-03  1.042204950E-01 
       297  3.878792273E-01 -7.410694604E-03  1.051130894E-01 
       298  3.903467298E-01 -7.270644152E-03  1.060244595E-01 
       299 -4.960037153E-01 -7.132246311E-03  7.678581176E-01 
       300  3.927901502E-01 -7.131547428E-03  1.069572494E-01 
       301  3.952093396E-01 -6.993395551E-03  1.079125052E-01 
       302  3.976041787E-01 -6.856178242E-03  1.088920148E-01 
       303  3.999744888E-01 -6.719889303E-03  1.098975673E-01 
       304 -4.964821389E-01 -6.698595508E-03  8.029319086E-01 
       305  4.023201505E-01 -6.584525182E-03  1.109297010E-01 
       306  4.046409851E-01 -6.450081565E-03  1.119894377E-01 
       307  4.069368734E-01 -6.316549688E-03  1.130796267E-01 
       308 -4.969301151E-01 -6.263534054E-03  8.383198302E-01 
       309  4.092076663E-01 -6.183925438E-03  1.142024840E-01 
       310  4.114532149E-01 -6.052213811E-03  1.153575852E-01 
       311  4.136733700E-01 -5.921411062E-03  1.165459183E-01 
       312 -4.973476018E-01 -5.827178384E-03  8.737107584E-01 
       313  4.158680423E-01 -5.791510994E-03  1.177711982E-01 
       314  4.180370827E-01 -5.662516645E-03  1.190348218E-01 
       315  4.201803125E-01 -5.534430938E-03  1.203382275E-01 
       316  4.222976422E-01 -5.407260378E-03  1.216817723E-01 
       317 -4.977345870E-01 -5.389619943E-03  9.087101079E-01 
       318  4.243889228E-01 -5.281002766E-03  1.230680169E-01 
       319  4.264540350E-01 -5.155669632E-03  1.244986602E-01 
       320  4.284928597E-01 -5.031259189E-03  1.259753820E-01 
       321 -4.980910892E-01 -4.950916520E-03  9.426355886E-01 
       322  4.305052479E-01 -4.907786480E-03  1.275002217E-01 
       323  4.324910802E-01 -4.785260321E-03  1.290726665E-01 
       324  4.344502674E-01 -4.663682699E-03  1.306966255E-01 
       325  4.363826306E-01 -4.543075581E-03  1.323728372E-01 
       326 -4.984170969E-01 -4.511155225E-03  9.750541852E-01 
       327  4.382880803E-01 -4.423444955E-03  1.341022189E-01 
       328  4.401665272E-01 -4.304802908E-03  1.358879730E-01 
       329  4.420178223E-01 -4.187166096E-03  1.377311882E-01 
       330  4.438418462E-01 -4.070554406E-03  1.396324208E-01 
       331 -4.987126267E-01 -4.070381116E-03  1.005592467E+00 
       332  4.456385097E-01 -3.954984057E-03  1.415925323E-01 
       333  4.474076935E-01 -3.840467678E-03  1.436154453E-01 
       334  4.491492784E-01 -3.727025726E-03  1.457041158E-01 
       335 -4.989776334E-01 -3.628725477E-03  1.033494894E+00 
       336  4.508631451E-01 -3.614686291E-03  1.478570970E-01 
       337  4.525492341E-01 -3.503465173E-03  1.500756342E-01 
       338  4.542073963E-01 -3.393389240E-03  1.523625387E-01 
       339  4.558375722E-01 -3.284476246E-03  1.547201901E-01 
       340 -4.992121267E-01 -3.186235415E-03  1.057994965E+00 
       341  4.574396127E-01 -3.176756155E-03  1.571505047E-01 
       342  4.590134582E-01 -3.070252446E-03  1.596543753E-01 
       343  4.605589895E-01 -2.964992788E-03  1.622339062E-01 
       344  4.620760874E-01 -2.861007370E-03  1.648908749E-01 
       345  4.635647221E-01 -2.758321561E-03  1.676266698E-01 
       346 -4.994161109E-01 -2.742942849E-03  1.078282271E+00 
       347  4.650247743E-01 -2.656962875E-03  1.704445034E-01 
       348  4.664561250E-01 -2.556964260E-03  1.733470917E-01 
       349  4.678587442E-01 -2.458353861E-03  1.763354225E-01 
       350  4.692324829E-01 -2.361169914E-03  1.794105530E-01 
       351 -4.995895522E-01 -2.298944140E-03  1.093589989E+00 
       352  4.705772815E-01 -2.265442128E-03  1.825746590E-01 
       353  4.718930507E-01 -2.171199028E-03  1.858326564E-01 
       354  4.731797308E-01 -2.078478841E-03  1.891856323E-01 
       355  4.744372325E-01 -1.987311329E-03  1.926358900E-01 
       356  4.756654960E-01 -1.897731984E-03  1.961872395E-01 
       357 -4.997324365E-01 -1.854274799E-03  1.103286116E+00 
       358  4.768644023E-01 -1.809771824E-03  1.998441581E-01 
       359  4.780338916E-01 -1.723475332E-03  2.036075903E-01 
       360  4.791739045E-01 -1.638868860E-03  2.074802067E-01 
       361  4.802843812E-01 -1.555986776E-03  2.114697307E-01 
       362  4.813652027E-01 -1.474872121E-03  2.155771739E-01 
       363 -4.998447393E-01 -1.408947544E-03  1.107017666E+00 
       364  4.824163687E-01 -1.395554151E-03  2.198060789E-01 
       365  4.834377902E-01 -1.318065681E-03  2.241644188E-01 
       366  4.844293774E-01 -1.242451329E-03  2.286549454E-01 
       367  4.853911007E-01 -1.168734733E-03  2.332847270E-01 
       368  4.863228708E-01 -1.096954975E-03  2.380633751E-01 
       369  4.872246576E-01 -1.027149086E-03  2.429930334E-01 
       370 -4.999263937E-01 -9.631206027E-04  1.104919880E+00 
       371  4.880964018E-01 -9.593448314E-04  2.480838435E-01 
       372  4.889380436E-01 -8.935824800E-04  2.533444986E-01 
       373  4.897495532E-01 -8.298875736E-04  2.587846784E-01 
       374  4.905308116E-01 -7.682989097E-04  2.644181374E-01 
       375  4.912818484E-01 -7.088462326E-04  2.702539846E-01 
       376  4.920026040E-01 -6.515551637E-04  2.763091174E-01 
       377  4.926929892E-01 -5.964654034E-04  2.825997605E-01 
       378  4.933530037E-01 -5.436019020E-04  2.891422075E-01 
       379 -4.999773828E-01 -5.165292640E-04  1.096927500E+00 
       380  4.939825881E-01 -4.929909289E-04  2.959627881E-01 
       381  4.945816828E-01 -4.446634498E-04  3.030878613E-01 
       382  4.951503174E-01 -3.986433797E-04  3.105443208E-01 
       383  4.956884029E-01 -3.549546757E-04  3.183716590E-01 
       384  4.961959091E-01 -3.136300562E-04  3.266100801E-01 
       385  4.966728064E-01 -2.746895768E-04  3.353081362E-01 
       386  4.971190946E-01 -2.381495064E-04  3.445375334E-01 
       387  4.975347146E-01 -2.040360829E-04  3.543755990E-01 
       388  4.979196358E-01 -1.723707154E-04  3.649165002E-01 
       389  4.982738592E-01 -1.431684931E-04  3.762873355E-01 
       390  4.985973538E-01 -1.164482929E-04  3.886381817E-01 
       391  4.988901207E-01 -9.222016123E-05  4.021794593E-01 
       392  4.991520996E-01 -7.050468139E-05  4.169551617E-01 
       393 -4.999975878E-01 -6.996022619E-05  1.085364406E+00 
       394  4.993832911E-01 -5.131405303E-05  4.347054919E-01 
       395  4.995327745E-01 -3.887609337E-05  4.501845972E-01 
       396  4.996795816E-01 -2.666082368E-05  4.711240411E-01 
       397  4.998013352E-01 -1.653015915E-05  4.970651421E-01 
       398  4.998889305E-01 -9.241677432E-06  5.269813504E-01 
       399  4.999457108E-01 -4.517201811E-06  5.581875803E-01 
       400  4.999800689E-01 -1.658394622E-06  5.942945040E-01 
       401  5.000000000E-01  0.000000000E+00  6.079722722E-01 
       402  4.999801784E-01  2.665229621E-06  5.931591179E-01 
       403  4.999402380E-01  8.035641206E-06  5.523764321E-01 
       404  4.998660095E-01  1.801646602E-05  5.170095897E-01 
       405  4.997467256E-01  3.405546958E-05  4.842031380E-01 
       406  4.995935600E-01  5.465022580E-05  4.589593659E-01 
       407  4.994448979E-01  7.463944796E-05  4.421346709E-01 
       408  4.992444933E-01  1.016096186E-04  4.252371736E-01 
       409  4.990133008E-01  1.327416677E-04  4.106621532E-01 
       410  4.987513204E-01  1.680336714E-04  3.973449046E-01 
       411  4.984585521E-01  2.075004381E-04  3.851295354E-01 
       412  4.981350555E-01  2.511254056E-04  3.738367093E-01 
       413  4.977808306E-01  2.989407933E-04  3.633165357E-01 
       414  4.973959071E-01  3.509312772E-04  3.534656241E-01 
       415  4.969802852E-01  4.071223716E-04  3.441805115E-01 
       416  4.965339946E-01  4.675078248E-04  3.354014254E-01 
       417  4.960570949E-01  5.320900572E-04  3.270603316E-01 
       418  4.955495861E-01  6.008878991E-04  3.190913584E-01 
       419 -4.999861233E-01  6.338614380E-04  1.059971752E+00 
       420  4.950114980E-01  6.739125428E-04  3.114621449E-01 
       421  4.944428605E-01  7.511515556E-04  3.041368295E-01 
       422  4.938437629E-01  8.326246518E-04  2.970744987E-01 
       423  4.932141754E-01  9.183360308E-04  2.902578284E-01 
       424  4.925541577E-01  1.008289657E-03  2.836577716E-01 
       425  4.918637693E-01  1.102497751E-03  2.772461896E-01 
       426  4.911430103E-01  1.200973108E-03  2.710118811E-01 
       427  4.903919700E-01  1.303703412E-03  2.649364980E-01 
       428 -4.999428930E-01  1.338365020E-03  1.026127265E+00 
       429  4.896107081E-01  1.410709246E-03  2.590009495E-01 
       430  4.887991947E-01  1.521994229E-03  2.532008323E-01 
       431  4.879575492E-01  1.637554066E-03  2.475167385E-01 
       432  4.870858012E-01  1.757408405E-03  2.419403550E-01 
       433  4.861840105E-01  1.881544122E-03  2.364622472E-01 
       434  4.852522365E-01  2.009979816E-03  2.310686021E-01 
       435 -4.998688202E-01  2.042233130E-03  9.869444721E-01 
       436  4.842905092E-01  2.142709557E-03  2.257618738E-01 
       437  4.832989178E-01  2.279726270E-03  2.205262139E-01 
       438  4.822774923E-01  2.421055289E-03  2.153541562E-01 
       439  4.812263221E-01  2.566672435E-03  2.102458677E-01 
       440  4.801454965E-01  2.716584911E-03  2.051889797E-01 
       441 -4.997638591E-01  2.745813609E-03  9.418926606E-01 
       442  4.790350155E-01  2.870799225E-03  2.001812788E-01 
       443  4.778949985E-01  3.029295829E-03  1.952228937E-01 
       444  4.767255049E-01  3.192071947E-03  1.903004644E-01 
       445  4.755265944E-01  3.359139398E-03  1.854129230E-01 
       446 -4.996280265E-01  3.448777276E-03  8.920373362E-01 
       447  4.742983266E-01  3.530466571E-03  1.805610765E-01 
       448  4.730408207E-01  3.706055059E-03  1.757377905E-01 
       449  4.717541363E-01  3.885889288E-03  1.709381403E-01 
       450  4.704383629E-01  4.069966654E-03  1.661605663E-01 
       451 -4.994613095E-01  4.151018197E-03  8.380119094E-01 
       452  4.690935600E-01  4.258259723E-03  1.614046356E-01 
       453  4.677198170E-01  4.450765907E-03  1.566623934E-01 
       454  4.663171937E-01  4.647469371E-03  1.519323592E-01 
       455  4.648858389E-01  4.848339834E-03  1.472148793E-01 
       456 -4.992636973E-01  4.852394851E-03  7.805138051E-01 
       457  4.634257825E-01  5.053358680E-03  1.425105115E-01 
       458  4.619371437E-01  5.262500767E-03  1.378147204E-01 
       459  4.604200417E-01  5.475745117E-03  1.331241591E-01 
       460 -4.990352100E-01  5.552672257E-03  7.202135800E-01 
       461  4.588745064E-01  5.693070309E-03  1.284387551E-01 
       462  4.573006569E-01  5.914443747E-03  1.237567422E-01 
       463  4.556986125E-01  6.139833751E-03  1.190767229E-01 
       464 -4.987758398E-01  6.251724467E-03  6.577154083E-01 
       465  4.540684328E-01  6.369211443E-03  1.143999716E-01 
       466  4.524102667E-01  6.602532132E-03  1.097249155E-01 
       467  4.507241739E-01  6.839772978E-03  1.050490431E-01 
       468 -4.984855808E-01  6.949409004E-03  5.936425134E-01 
       469  4.490103035E-01  7.080887420E-03  1.003694605E-01 
       470  4.472687150E-01  7.325847009E-03  9.568681213E-02 
       471  4.454995276E-01  7.574593551E-03  9.100764626E-02 
       472 -4.981644880E-01  7.645457861E-03  5.286900080E-01 
       473  4.437028606E-01  7.827079116E-03  8.632783661E-02 
       474  4.418788332E-01  8.083273383E-03  8.164211036E-02 
       475 -4.978125585E-01  8.339749976E-03  4.634892366E-01 
       476  4.400275348E-01  8.343126974E-03  7.695467243E-02 
       477  4.381490845E-01  8.606579377E-03  7.226645791E-02 
       478  4.362436315E-01  8.873580259E-03  6.757875295E-02 
       479 -4.974298208E-01  9.032103180E-03  3.986662874E-01 
       480  4.343112652E-01  9.144070993E-03  6.288826754E-02 
       481  4.323520749E-01  9.418016100E-03  5.819511634E-02 
       482  4.303662395E-01  9.695329961E-03  5.350222796E-02 
       483 -4.970162747E-01  9.722394895E-03  3.345366396E-01 
       484  4.283538484E-01  9.975970627E-03  4.880465740E-02 
       485  4.263150208E-01  1.025987659E-02  4.410704855E-02 
       486 -4.965719509E-01  1.041045245E-02  2.711124750E-01 
       487  4.242499057E-01  1.054696875E-02  3.940867109E-02 
       488  4.221586223E-01  1.083719859E-02  3.471006515E-02 
       489 -4.960969112E-01  1.109606756E-02  2.085208303E-01 
       490  4.200412900E-01  1.113048608E-02  3.001089668E-02 
       491  4.178980576E-01  1.142677711E-02  2.531120675E-02 
       492  4.157290146E-01  1.172598979E-02  2.061453575E-02 
       493 -4.955911580E-01  1.177912672E-02  1.469519584E-01 
       494  4.135343398E-01  1.202805514E-02  1.592096370E-02 
       495  4.113141823E-01  1.233289215E-02  1.123291380E-02 
       496 -4.950547248E-01  1.245947171E-02  8.657302725E-02 
       497  4.090686315E-01  1.264043844E-02  6.545646485E-03 
       498  4.067978363E-01  1.295062686E-02  1.861461226E-03 
       499 -4.944876444E-01  1.313696311E-02  2.751962101E-02 
       500  4.045019458E-01  1.326336060E-02 -2.813755352E-03 
       501  4.021811090E-01  1.357856515E-02 -7.481331099E-03 
       502 -4.938900110E-01  1.381138669E-02 -3.009067630E-02 
       503  3.998354452E-01  1.389617158E-02 -1.214377746E-02 
       504  3.974651331E-01  1.421609786E-02 -1.679743010E-02 
       505 -4.932617988E-01  1.448267549E-02 -8.616693089E-02 
       506  3.950702920E-01  1.453825279E-02 -2.143943006E-02 
       507  3.926511008E-01  1.486255996E-02 -2.607066054E-02 
       508 -4.926030717E-01  1.515067095E-02 -1.406160216E-01 
       509  3.902076785E-01  1.518893926E-02 -3.068989385E-02 
       510  3.877401743E-01  1.551730872E-02 -3.529489698E-02 
       511 -4.919138941E-01  1.581521111E-02 -1.933805644E-01 
       512  3.852487372E-01  1.584758177E-02 -3.988820628E-02 
       513  3.827335459E-01  1.617968377E-02 -4.446463875E-02 
       514 -4.911942704E-01  1.647619915E-02 -2.444440238E-01 
       515  3.801947496E-01  1.651350499E-02 -4.902339896E-02 
       516  3.776324972E-01  1.684899124E-02 -5.356637234E-02 
       517 -4.904442937E-01  1.713347581E-02 -2.937925738E-01 
       518  3.750469377E-01  1.718603831E-02 -5.808992164E-02 
       519  3.724382501E-01  1.752457162E-02 -6.259270383E-02 
       520 -4.896640288E-01  1.778689320E-02 -3.413840955E-01 
       521  3.698066130E-01  1.786449434E-02 -6.706999254E-02 
       522  3.671521160E-01  1.820573569E-02 -7.152453145E-02 
       523 -4.888534491E-01  1.843640428E-02 -3.871418675E-01 
       524  3.644749974E-01  1.854820621E-02 -7.595452808E-02 
       525  3.617753765E-01  1.889181652E-02 -8.035816695E-02 
       526 -4.880126783E-01  1.908182985E-02 -4.306035248E-01 
       527  3.590534620E-01  1.923648466E-02 -8.473639209E-02 
       528  3.563093729E-01  1.958213237E-02 -8.908750953E-02 
       529 -4.871417498E-01  1.972307033E-02 -4.718739970E-01 
       530  3.535433180E-01  1.992867026E-02 -9.341195424E-02 
       531  3.507554462E-01  2.027602377E-02 -9.770677443E-02 
       532 -4.862407266E-01  2.036001501E-02 -5.116662744E-01 
       533  3.479459365E-01  2.062409985E-02 -1.019716296E-01 
       534  3.451149676E-01  2.097283133E-02 -1.062058960E-01 
       535 -4.853096720E-01  2.099254320E-02 -5.501164820E-01 
       536  3.422627184E-01  2.132212516E-02 -1.104065780E-01 
       537 -4.843486183E-01  2.162058648E-02 -5.872081055E-01 
       538  3.393893378E-01  2.167191426E-02 -1.145761759E-01 
       539  3.364950048E-01  2.202212222E-02 -1.187138524E-01 
       540 -4.833576586E-01  2.224401748E-02 -6.229449884E-01 
       541  3.335799278E-01  2.237266336E-02 -1.228149164E-01 
       542  3.306442859E-01  2.272345579E-02 -1.268803705E-01 
       543 -4.823368254E-01  2.286275064E-02 -6.572952690E-01 
       544  3.276882279E-01  2.307444353E-02 -1.309112459E-01 
       545  3.247119626E-01  2.342554097E-02 -1.349049995E-01 
       546 -4.812862103E-01  2.347668672E-02 -6.902631450E-01 
       547  3.217156687E-01  2.377668103E-02 -1.388631708E-01 
       548 -4.802059054E-01  2.408572400E-02 -7.218880959E-01 
       549  3.186995250E-01  2.412779661E-02 -1.427840012E-01 
       550  3.156637105E-01  2.447881326E-02 -1.466647388E-01 
       551 -4.790959130E-01  2.468980914E-02 -7.522062937E-01 
       552  3.126084337E-01  2.482966395E-02 -1.505094605E-01 
       553  3.095338734E-01  2.518029639E-02 -1.543161683E-01 
       554 -4.779563545E-01  2.528883244E-02 -7.812535156E-01 
       555  3.064402086E-01  2.553062878E-02 -1.580825720E-01 
       556  3.033276477E-01  2.588061071E-02 -1.618089314E-01 
       557 -4.767872911E-01  2.588273785E-02 -8.091173092E-01 
       558  3.001963697E-01  2.623017337E-02 -1.654967387E-01 
       559 -4.755887850E-01  2.647143445E-02 -8.358330937E-01 
       560  2.970465534E-01  2.657927378E-02 -1.691443444E-01 
       561  2.938784371E-01  2.692783014E-02 -1.727485740E-01 
       562 -4.743608966E-01  2.705487984E-02 -8.614240050E-01 
       563  2.906921998E-01  2.727580511E-02 -1.763124942E-01 
       564  2.874879905E-01  2.762314843E-02 -1.798373970E-01 
       565 -4.731037475E-01  2.763297726E-02 -8.859051112E-01 
       566  2.842660773E-01  2.796980414E-02 -1.833214791E-01 
       567 -4.718173983E-01  2.820567995E-02 -9.093664764E-01 
       568  2.810266094E-01  2.831571464E-02 -1.867650956E-01 
       569  2.777698251E-01  2.866084070E-02 -1.901699049E-01 
       570 -4.705019403E-01  2.877290936E-02 -9.318201648E-01 
       571  2.744958735E-01  2.900513397E-02 -1.935355173E-01 
       572 -4.691574337E-01  2.933463854E-02 -9.532703452E-01 
       573  2.712050229E-01  2.934854971E-02 -1.968635541E-01 
       574  2.678974221E-01  2.969104881E-02 -2.001529756E-01 
       575 -4.677839697E-01  2.989080408E-02 -9.738760314E-01 
       576  2.645732799E-01  3.003258846E-02 -2.034051880E-01 
       577  2.612328348E-01  3.037313135E-02 -2.066198307E-01 
       578 -4.663816090E-01  3.044135988E-02 -9.936366016E-01 
       579  2.578762654E-01  3.071263660E-02 -2.097985718E-01 
       580 -4.649505013E-01  3.098624265E-02 -1.012487819E+00 
       581  2.545038104E-01  3.105107619E-02 -2.129436453E-01 
       582  2.511156186E-01  3.138841475E-02 -2.160531239E-01 
       583 -4.634906774E-01  3.152544887E-02 -1.030471113E+00 
       584  2.477119584E-01  3.172461321E-02 -2.191286583E-01 
       585 -4.620022578E-01  3.205891689E-02 -1.047680160E+00 
       586  2.442930085E-01  3.205964917E-02 -2.221714581E-01 
       587  2.408589925E-01  3.239348915E-02 -2.251819803E-01 
       588 -4.604853623E-01  3.258660382E-02 -1.064142861E+00 
       589  2.374101041E-01  3.272611080E-02 -2.281628710E-01 
       590  2.339465818E-01  3.305748800E-02 -2.311146335E-01 
       591 -4.589400216E-01  3.310849912E-02 -1.079873562E+00 
       592  2.304686193E-01  3.338759474E-02 -2.340385510E-01 
       593 -4.573663555E-01  3.362456960E-02 -1.094895155E+00 
       594  2.269764401E-01  3.371641235E-02 -2.369369926E-01 
       595  2.234702677E-01  3.404391474E-02 -2.398084253E-01 
       596 -4.557644840E-01  3.413478598E-02 -1.109257121E+00 
       597  2.199502960E-01  3.437007967E-02 -2.426568947E-01 
       598 -4.541344674E-01  3.463913053E-02 -1.122968281E+00 
       599  2.164167632E-01  3.469489950E-02 -2.454807468E-01 
       600  2.128698632E-01  3.501833725E-02 -2.482821945E-01 
       601 -4.524764551E-01  3.513758784E-02 -1.136057199E+00 
       602  2.093098493E-01  3.534040013E-02 -2.510667228E-01 
       603 -4.507905076E-01  3.563013016E-02 -1.148571188E+00 
       604  2.057369152E-01  3.566105845E-02 -2.538320807E-01 
       605  2.021512844E-01  3.598030102E-02 -2.565803434E-01 
       606 -4.490767743E-01  3.611673811E-02 -1.160507229E+00 
       607  1.985531805E-01  3.629811296E-02 -2.593130513E-01 
       608 -4.473353151E-01  3.659741610E-02 -1.171871284E+00 
       609  1.949428270E-01  3.661448307E-02 -2.620332675E-01 
       610  1.913204475E-01  3.692940016E-02 -2.647408019E-01 
       611 -4.455662499E-01  3.707216060E-02 -1.182666966E+00 
       612  1.876862655E-01  3.724284566E-02 -2.674368773E-01 
       613 -4.437696981E-01  3.754097201E-02 -1.192934869E+00 
       614  1.840405044E-01  3.755481582E-02 -2.701256518E-01 
       615  1.803833879E-01  3.786529941E-02 -2.728062195E-01 
       616 -4.419457797E-01  3.800382562E-02 -1.202721205E+00 
       617  1.767151544E-01  3.817427792E-02 -2.754809065E-01 
       618 -4.400945844E-01  3.846072488E-02 -1.212031744E+00 
       619  1.730359976E-01  3.848175498E-02 -2.781532430E-01 
       620  1.693461857E-01  3.878771200E-02 -2.808244127E-01 
       621 -4.382162315E-01  3.891167375E-02 -1.220856936E+00 
       622  1.656459125E-01  3.909214525E-02 -2.834976283E-01 
       623 -4.363108704E-01  3.935667979E-02 -1.229211765E+00 
       624  1.619354164E-01  3.939504350E-02 -2.861716062E-01 
       625  1.582149359E-01  3.969638824E-02 -2.888493555E-01 
       626 -4.343785911E-01  3.979574410E-02 -1.237122259E+00 
       627  1.544846944E-01  3.999618305E-02 -2.915323620E-01 
       628 -4.324194830E-01  4.022888513E-02 -1.244601138E+00 
       629  1.507449156E-01  4.029440573E-02 -2.942225067E-01 
       630  1.469958377E-01  4.059105987E-02 -2.969245722E-01 
       631 -4.304337254E-01  4.065609603E-02 -1.251657292E+00 
       632  1.432376994E-01  4.088612687E-02 -2.996376747E-01 
       633 -4.284214079E-01  4.107739923E-02 -1.258321232E+00 
       634  1.394707092E-01  4.117959556E-02 -3.023611613E-01 
       635  1.356951204E-01  4.147145114E-02 -3.051006434E-01 
       636 -4.263826500E-01  4.149278471E-02 -1.264588962E+00 
       637  1.319111566E-01  4.176169711E-02 -3.078577315E-01 
       638 -4.243176007E-01  4.190229933E-02 -1.270460484E+00 
       639  1.281190562E-01  4.205030387E-02 -3.106331590E-01 
       640 -4.222263798E-01  4.230593057E-02 -1.275966525E+00 
       641  1.243190576E-01  4.233727123E-02 -3.134283730E-01 
       642  1.205113770E-01  4.262257328E-02 -3.162442427E-01 
       643 -4.201091065E-01  4.270370727E-02 -1.281124204E+00 
       644  1.166962676E-01  4.290620616E-02 -3.190843645E-01 
       645 -4.179659302E-01  4.309562318E-02 -1.285932858E+00 
       646  1.128739605E-01  4.318814755E-02 -3.219480421E-01 
       647  1.090446792E-01  4.346838257E-02 -3.248383216E-01 
       648 -4.157969402E-01  4.348173302E-02 -1.290382904E+00 
       649  1.052086770E-01  4.374689625E-02 -3.277567291E-01 
       650 -4.136023156E-01  4.386203822E-02 -1.294491876E+00 
       651  1.013661774E-01  4.402366623E-02 -3.307017210E-01 
       652 -4.113822057E-01  4.423656093E-02 -1.298273007E+00 
       653  9.751742638E-02  4.429867027E-02 -3.336780849E-01 
       654  9.366265485E-02  4.457190070E-02 -3.366870048E-01 
       655 -4.091366999E-01  4.460532044E-02 -1.301758903E+00 
       656  8.980210874E-02  4.484332042E-02 -3.397268869E-01 
       657 -4.068659476E-01  4.496831359E-02 -1.304941762E+00 
       658  8.593601901E-02  4.511291447E-02 -3.428024816E-01 
       659 -4.045700976E-01  4.532559495E-02 -1.307802972E+00 
       660  8.206462409E-02  4.538066039E-02 -3.459117477E-01 
       661  7.818816243E-02  4.564652109E-02 -3.490552936E-01 
       662 -4.022492994E-01  4.567717350E-02 -1.310361410E+00 
       663  7.430687991E-02  4.591048151E-02 -3.522364131E-01 
       664 -3.999036721E-01  4.602307155E-02 -1.312640980E+00 
       665  7.042101497E-02  4.617250818E-02 -3.554555851E-01 
       666 -3.975333947E-01  4.636328966E-02 -1.314630276E+00 
       667  6.653079858E-02  4.643257496E-02 -3.587145294E-01 
       668  6.263647663E-02  4.669064828E-02 -3.620112251E-01 
       669 -3.951385865E-01  4.669789000E-02 -1.316321184E+00 
       670  5.873828756E-02  4.694669099E-02 -3.653465412E-01 
       671 -3.927194265E-01  4.702686690E-02 -1.317738396E+00 
       672  5.483647725E-02  4.720067692E-02 -3.687248285E-01 
       673 -3.902760339E-01  4.735024600E-02 -1.318883778E+00 
       674  5.093128041E-02  4.745257243E-02 -3.721429736E-01 
       675 -3.878085579E-01  4.766805348E-02 -1.319745730E+00 
       676  4.702293920E-02  4.770232930E-02 -3.756022051E-01 
       677  4.311169578E-02  4.794992491E-02 -3.791037069E-01 
       678 -3.853171475E-01  4.798031922E-02 -1.320359060E+00 
       679  3.919779232E-02  4.819530729E-02 -3.826465631E-01 
       680 -3.828019819E-01  4.828700767E-02 -1.320698843E+00 
       681  3.528146723E-02  4.843844651E-02 -3.862341273E-01 
       682 -3.802632096E-01  4.858822732E-02 -1.320750257E+00 
       683  3.136296270E-02  4.867929785E-02 -3.898659192E-01 
       684 -3.777009804E-01  4.888392639E-02 -1.320541308E+00 
       685  2.744252272E-02  4.891781653E-02 -3.935377936E-01 
       686  2.352038762E-02  4.915395062E-02 -3.972533550E-01 
       687 -3.751154428E-01  4.917416559E-02 -1.320058401E+00 
       688  1.959679954E-02  4.938767370E-02 -4.010141931E-01 
       689 -3.725067760E-01  4.945893917E-02 -1.319299888E+00 
       690  1.567199878E-02  4.961892264E-02 -4.048159770E-01 
       691 -3.698751588E-01  4.973828353E-02 -1.318261351E+00 
       692  1.174623123E-02  4.984765639E-02 -4.086622906E-01 
       693 -3.672206808E-01  5.001220348E-02 -1.316950714E+00 
       694  7.819737185E-03  5.007383017E-02 -4.125525845E-01 
       695 -3.645435803E-01  5.028070982E-02 -1.315349221E+00 
       696  3.892757875E-03  5.029738813E-02 -4.164854013E-01 
       697 -3.446360618E-05  5.051828183E-02 -4.204639145E-01 
       698 -3.618439765E-01  5.054383599E-02 -1.313440327E+00 
       699 -3.961685115E-03  5.073646255E-02 -4.244755985E-01 
       700 -3.591220783E-01  5.080158995E-02 -1.311218670E+00 
       701 -7.888664443E-03  5.095184916E-02 -4.285353398E-01 
       702 -3.563780049E-01  5.105399037E-02 -1.308674568E+00 
       703 -1.181515857E-02  5.116445516E-02 -4.326359360E-01 
       704 -3.536119649E-01  5.130104488E-02 -1.305800707E+00 
       705 -1.574092620E-02  5.137414040E-02 -4.367677430E-01 
       706 -3.508241074E-01  5.154275750E-02 -1.302579266E+00 
       707 -1.966572707E-02  5.158092264E-02 -4.409533750E-01 
       708 -3.480146112E-01  5.177917214E-02 -1.299008031E+00 
       709 -2.358931530E-02  5.178472362E-02 -4.451789994E-01 
       710 -2.751145057E-02  5.198546536E-02 -4.494359748E-01 
       711 -3.451836553E-01  5.201025334E-02 -1.295049156E+00 
       712 -3.143189072E-02  5.218309945E-02 -4.537302894E-01 
       713 -3.423314184E-01  5.223605151E-02 -1.290626124E+00 
       714 -3.535039548E-02  5.237758090E-02 -4.580584844E-01 
       715 -3.394580497E-01  5.245656057E-02 -1.285731744E+00 
       716 -3.926672078E-02  5.256883561E-02 -4.624230824E-01 
       717 -3.365637280E-01  5.267176942E-02 -1.280176054E+00 
       718 -4.318062449E-02  5.275683341E-02 -4.668340205E-01 
       719 -3.336486618E-01  5.288171077E-02 -1.274514773E+00 
       720 -4.709186819E-02  5.294150699E-02 -4.712731576E-01 
       721 -3.307130302E-01  5.308640366E-02 -1.266024875E+00 
       722 -5.100020967E-02  5.312276774E-02 -4.757459861E-01 
       723 -3.277569821E-01  5.328582666E-02 -1.264482517E+00 
       724 -5.490540681E-02  5.330060724E-02 -4.802546867E-01 
       725 -5.880721742E-02  5.347492200E-02 -4.847978141E-01 
       726 -3.247807262E-01  5.347999760E-02 -8.892869852E-01 
       727 -6.270540683E-02  5.364569250E-02 -4.893700630E-01 
       728 -3.217844413E-01  5.366891328E-02 -5.459778227E-01 
       729 -6.659972911E-02  5.381281157E-02 -4.939625328E-01 
       730 -3.187683063E-01  5.385258833E-02 -6.213107385E-01 
       731 -7.048994583E-02  5.397626012E-02 -4.985887570E-01 
       732 -3.157325000E-01  5.403101212E-02 -6.711409538E-01 
       733 -7.437581112E-02  5.413597486E-02 -5.032494671E-01 
       734 -3.126772311E-01  5.420421007E-02 -6.967229631E-01 
       735 -7.825709400E-02  5.429189969E-02 -5.079347412E-01 
       736 -3.096026784E-01  5.437214253E-02 -7.191866342E-01 
       737 -8.213355601E-02  5.444395671E-02 -5.126373864E-01 
       738 -3.065090207E-01  5.453486367E-02 -7.376381913E-01 
       739 -8.600495126E-02  5.459210499E-02 -5.173742951E-01 
       740 -3.033964668E-01  5.469233430E-02 -7.526118211E-01 
       741 -8.987104135E-02  5.473630653E-02 -5.221307423E-01 
       742 -3.002651954E-01  5.484457937E-02 -7.645527785E-01 
       743 -9.373158780E-02  5.487645807E-02 -5.269022761E-01 
       744 -2.971153854E-01  5.499157744E-02 -7.736294684E-01 
       745 -9.758635964E-02  5.501255516E-02 -5.317055672E-01 
       746 -2.939472752E-01  5.513335007E-02 -7.801228147E-01 
       747 -1.014351110E-01  5.514452710E-02 -5.365314991E-01 
       748 -2.907610437E-01  5.526989411E-02 -7.846815198E-01 
       749 -1.052776109E-01  5.527231432E-02 -5.413723022E-01 
       750 -1.091136134E-01  5.539586098E-02 -5.462217326E-01 
       751 -2.875568399E-01  5.540118391E-02 -7.874845325E-01 
       752 -1.129428950E-01  5.551511906E-02 -5.511034974E-01 
       753 -2.843349320E-01  5.552721900E-02 -7.885055723E-01 
       754 -1.167652023E-01  5.563007611E-02 -5.560010400E-01 
       755 -2.810954691E-01  5.564803612E-02 -7.881888001E-01 
       756 -1.205803119E-01  5.574061074E-02 -5.609053643E-01 
       757 -2.778386897E-01  5.576361391E-02 -7.867435219E-01 
       758 -1.243879927E-01  5.584674041E-02 -5.658291001E-01 
       759 -2.745647427E-01  5.587394111E-02 -7.839312852E-01 
       760 -1.281879914E-01  5.594838024E-02 -5.707726499E-01 
       761 -2.712738964E-01  5.597902848E-02 -7.799798096E-01 
       762 -1.319800919E-01  5.604551819E-02 -5.757333650E-01 
       763 -2.679662998E-01  5.607886533E-02 -7.754698642E-01 
       764 -1.357640558E-01  5.613806923E-02 -5.806933274E-01 
       765 -2.646421616E-01  5.617345881E-02 -7.705757384E-01 
       766 -1.395396446E-01  5.622600721E-02 -5.856649468E-01 
       767 -2.613017203E-01  5.626281640E-02 -7.653715971E-01 
       768 -1.433066348E-01  5.630930215E-02 -5.906543081E-01 
       769 -2.579451546E-01  5.634691995E-02 -7.599583664E-01 
       770 -1.470647731E-01  5.638790936E-02 -5.956587860E-01 
       771 -2.545727029E-01  5.642576549E-02 -7.544143185E-01 
       772 -1.508138508E-01  5.646178773E-02 -6.006663702E-01 
       773 -2.511845144E-01  5.649936405E-02 -7.487972267E-01 
       774 -1.545536295E-01  5.653088937E-02 -6.056890354E-01 
       775 -2.477808573E-01  5.656773047E-02 -7.431364532E-01 
       776 -1.582838707E-01  5.659520975E-02 -6.107292582E-01 
       777 -2.443619103E-01  5.663086504E-02 -7.374541899E-01 
       778 -1.620043510E-01  5.665468238E-02 -6.157749747E-01 
       779 -2.409278971E-01  5.668876043E-02 -7.317713343E-01 
       780 -1.657148467E-01  5.670928839E-02 -6.208304048E-01 
       781 -2.374790114E-01  5.674140923E-02 -7.261048669E-01 
       782 -1.694151194E-01  5.675899058E-02 -6.258910855E-01 
       783 -2.340154915E-01  5.678882603E-02 -7.204771665E-01 
       784 -1.731049308E-01  5.680375927E-02 -6.309640176E-01 
       785 -2.305375313E-01  5.683102577E-02 -7.149096082E-01 
       786 -1.767840870E-01  5.684357553E-02 -6.360463181E-01 
       787 -2.270453543E-01  5.686800136E-02 -7.093928713E-01 
       788 -1.804523199E-01  5.687839867E-02 -6.411310321E-01 
       789 -2.235391840E-01  5.689974536E-02 -7.039071457E-01 
       790 -1.841094356E-01  5.690821388E-02 -6.462407661E-01 
       791 -2.200192142E-01  5.692631647E-02 -6.984911544E-01 
       792 -1.877551958E-01  5.693301311E-02 -6.513751706E-01 
       793 -2.164856832E-01  5.694766413E-02 -6.931236987E-01 
       794 -1.913893770E-01  5.695274449E-02 -6.565036390E-01 
       795 -2.129387849E-01  5.696386477E-02 -6.878037905E-01 
       796 -1.950117555E-01  5.696738253E-02 -6.616487984E-01 
       797 -2.093787726E-01  5.697484237E-02 -6.825104181E-01 
       798 -1.986221078E-01  5.697694499E-02 -6.668306037E-01 
       799 -2.058058399E-01  5.698069140E-02 -6.772419948E-01 
       800 -2.022202105E-01  5.698138748E-02 -6.720312664E-01 
