nodenumber     x-coordinate     y-coordinate pressure-coefficient 
         1 -3.185526343E-01 -5.062175169E-02 -6.567478944E-01 
         2 -3.160369646E-01 -5.062057546E-02 -6.491880255E-01 
         3 -3.210645770E-01 -5.061753707E-02 -6.641986885E-01 
         4 -3.135165585E-01 -5.061460491E-02 -6.415055616E-01 
         5 -3.235738408E-01 -5.060861359E-02 -6.718225070E-01 
         6 -3.109904646E-01 -5.060428747E-02 -6.340355830E-01 
         7 -3.260814835E-01 -5.059484024E-02 -6.796386686E-01 
         8 -3.084577319E-01 -5.058972715E-02 -6.267954663E-01 
         9 -3.285886353E-01 -5.057606101E-02 -6.876575521E-01 
        10 -3.059174359E-01 -5.057101009E-02 -6.197211764E-01 
        11 -3.310964718E-01 -5.055210162E-02 -6.960166188E-01 
        12 -3.033687377E-01 -5.054813030E-02 -6.127806043E-01 
        13 -3.336062180E-01 -5.052276321E-02 -7.043307307E-01 
        14 -3.008107714E-01 -5.052019705E-02 -6.056351730E-01 
        15 -2.982426400E-01 -5.048832493E-02 -5.984375564E-01 
        16 -3.361191068E-01 -5.048681002E-02 -7.124493763E-01 
        17 -2.956635915E-01 -5.045257996E-02 -5.915378857E-01 
        18 -3.386365135E-01 -5.044500190E-02 -7.207457865E-01 
        19 -2.930727707E-01 -5.041300629E-02 -5.847868871E-01 
        20 -3.411598371E-01 -5.039712063E-02 -7.292183855E-01 
        21 -2.904694235E-01 -5.036963260E-02 -5.781765518E-01 
        22 -3.436905134E-01 -5.034288501E-02 -7.378954331E-01 
        23 -2.878527291E-01 -5.032188757E-02 -5.715010173E-01 
        24 -3.462300801E-01 -5.028199425E-02 -7.467769577E-01 
        25 -2.852219813E-01 -5.027002985E-02 -5.647090403E-01 
        26 -2.825763545E-01 -5.021451145E-02 -5.580498496E-01 
        27 -3.487801822E-01 -5.021410612E-02 -7.558648169E-01 
        28 -2.799150959E-01 -5.015534229E-02 -5.515776380E-01 
        29 -3.513425194E-01 -5.013883228E-02 -7.651673694E-01 
        30 -2.772374845E-01 -5.009252754E-02 -5.452182016E-01 
        31 -3.539188810E-01 -5.005576880E-02 -7.746771036E-01 
        32 -2.745427407E-01 -5.002603166E-02 -5.389520350E-01 
        33 -3.565111543E-01 -4.996443696E-02 -7.843950684E-01 
        34 -2.718301623E-01 -4.995512213E-02 -5.325435557E-01 
        35 -2.690989139E-01 -4.988062962E-02 -5.260989721E-01 
        36 -3.591213607E-01 -4.986434166E-02 -7.942894776E-01 
        37 -2.663482943E-01 -4.980256174E-02 -5.198599078E-01 
        38 -3.617515702E-01 -4.975481440E-02 -8.042860213E-01 
        39 -2.635775039E-01 -4.972091341E-02 -5.137272467E-01 
        40 -2.607857787E-01 -4.963567186E-02 -5.076879337E-01 
        41 -3.644040708E-01 -4.963528929E-02 -8.144726718E-01 
        42 -2.579723160E-01 -4.954671752E-02 -5.016980032E-01 
        43 -3.670812013E-01 -4.950532815E-02 -8.249182234E-01 
        44 -2.551363565E-01 -4.945358896E-02 -4.956079549E-01 
        45 -3.697357116E-01 -4.936679069E-02 -8.354302989E-01 
        46 -2.522770450E-01 -4.935687148E-02 -4.895134761E-01 
        47 -2.493935551E-01 -4.925655477E-02 -4.835698420E-01 
        48 -3.723673634E-01 -4.921959826E-02 -8.459703241E-01 
        49 -2.464850402E-01 -4.915261486E-02 -4.777088337E-01 
        50 -3.748981343E-01 -4.906836791E-02 -8.561476809E-01 
        51 -2.435506013E-01 -4.904501958E-02 -4.719248306E-01 
        52 -2.405893553E-01 -4.893373764E-02 -4.662004878E-01 
        53 -3.773332736E-01 -4.891358309E-02 -8.659904806E-01 
        54 -2.376003557E-01 -4.881855457E-02 -4.604836573E-01 
        55 -3.796776095E-01 -4.875577211E-02 -8.755083187E-01 
        56 -2.345826744E-01 -4.869936880E-02 -4.547222623E-01 
        57 -3.819356256E-01 -4.859538292E-02 -8.847462632E-01 
        58 -2.315352803E-01 -4.857644150E-02 -4.489987818E-01 
        59 -2.284571405E-01 -4.844972525E-02 -4.433640459E-01 
        60 -3.841114639E-01 -4.843293508E-02 -8.938188935E-01 
        61 -2.253471821E-01 -4.831917143E-02 -4.377819599E-01 
        62 -3.862089706E-01 -4.826888979E-02 -9.027708979E-01 
        63 -2.222042862E-01 -4.818474082E-02 -4.322512690E-01 
        64 -3.882316798E-01 -4.810371543E-02 -9.121296915E-01 
        65 -2.190272858E-01 -4.804638478E-02 -4.267691106E-01 
        66 -3.901829064E-01 -4.793776454E-02 -9.207467828E-01 
        67 -2.158149588E-01 -4.790403656E-02 -4.213294151E-01 
        68 -3.920655376E-01 -4.776918183E-02 -9.283264025E-01 
        69 -2.125660249E-01 -4.775765803E-02 -4.159309551E-01 
        70 -2.092791462E-01 -4.760713190E-02 -4.105628465E-01 
        71 -3.938826781E-01 -4.760057848E-02 -9.361291326E-01 
        72 -2.059529320E-01 -4.745230400E-02 -4.051924621E-01 
        73 -3.956370180E-01 -4.743242954E-02 -9.445655411E-01 
        74 -2.025858649E-01 -4.729320413E-02 -3.998357107E-01 
        75 -3.973310761E-01 -4.726451694E-02 -9.521704325E-01 
        76 -1.991764262E-01 -4.712979333E-02 -3.945243974E-01 
        77 -3.989669749E-01 -4.709500438E-02 -9.588312179E-01 
        78 -1.957229392E-01 -4.696198260E-02 -3.892520989E-01 
        79 -4.005472746E-01 -4.692701723E-02 -9.667119135E-01 
        80 -1.922236793E-01 -4.678969127E-02 -3.840161329E-01 
        81 -4.020740618E-01 -4.676044258E-02 -9.736315001E-01 
        82 -1.886768231E-01 -4.661280328E-02 -3.788120558E-01 
        83 -4.035489971E-01 -4.659248037E-02 -9.799288354E-01 
        84 -1.850804240E-01 -4.643119768E-02 -3.736318214E-01 
        85 -4.049743949E-01 -4.642711809E-02 -9.869672707E-01 
        86 -4.063518763E-01 -4.626239415E-02 -9.928434948E-01 
        87 -1.814324191E-01 -4.624477370E-02 -3.684775944E-01 
        88 -4.076831352E-01 -4.609842260E-02 -9.996902196E-01 
        89 -1.777306321E-01 -4.605340365E-02 -3.633513806E-01 
        90 -4.089700542E-01 -4.593753661E-02 -1.005582868E+00 
        91 -1.739727516E-01 -4.585694189E-02 -3.582487428E-01 
        92 -4.102137318E-01 -4.577569260E-02 -1.011584813E+00 
        93 -1.701562889E-01 -4.565523547E-02 -3.531674604E-01 
        94 -4.114163202E-01 -4.561808046E-02 -1.017242993E+00 
        95 -4.125786145E-01 -4.545963827E-02 -1.022732145E+00 
        96 -1.662786384E-01 -4.544812208E-02 -3.481074926E-01 
        97 -4.137027043E-01 -4.530545211E-02 -1.028020710E+00 
        98 -1.623369885E-01 -4.523543062E-02 -3.430678154E-01 
        99 -4.147893074E-01 -4.515095986E-02 -1.033424209E+00 
       100 -1.583283536E-01 -4.501696988E-02 -3.380480522E-01 
       101 -4.158404100E-01 -4.500088065E-02 -1.038434777E+00 
       102 -4.168566307E-01 -4.485029110E-02 -1.043487268E+00 
       103 -1.542495510E-01 -4.479240835E-02 -3.330204240E-01 
       104 -4.178399634E-01 -4.470457509E-02 -1.048321564E+00 
       105 -1.500971358E-01 -4.456160351E-02 -3.279848300E-01 
       106 -4.187908495E-01 -4.455820863E-02 -1.052358379E+00 
       107 -4.197112974E-01 -4.441614784E-02 -1.057302924E+00 
       108 -1.458674620E-01 -4.432433191E-02 -3.229656515E-01 
       109 -4.206019715E-01 -4.427516651E-02 -1.060942723E+00 
       110 -4.214642866E-01 -4.413661721E-02 -1.066044790E+00 
       111 -1.415565890E-01 -4.408033944E-02 -3.179592214E-01 
       112 -4.222996160E-01 -4.400152498E-02 -1.069952577E+00 
       113 -4.231085508E-01 -4.386631197E-02 -1.073408400E+00 
       114 -1.371602826E-01 -4.382935538E-02 -3.129694214E-01 
       115 -4.238929616E-01 -4.373519815E-02 -1.078088960E+00 
       116 -4.246535680E-01 -4.360541278E-02 -1.081082831E+00 
       117 -1.326740139E-01 -4.357106105E-02 -3.079915990E-01 
       118 -4.253916470E-01 -4.347713389E-02 -1.085105438E+00 
       119 -4.261087368E-01 -4.335250294E-02 -1.089261146E+00 
       120 -1.280928762E-01 -4.330508135E-02 -3.030165954E-01 
       121 -4.268054998E-01 -4.322809861E-02 -1.091672289E+00 
       122 -4.274834466E-01 -4.310565328E-02 -1.095594364E+00 
       123 -1.234116126E-01 -4.303078779E-02 -2.979916097E-01 
       124 -4.281440991E-01 -4.298633151E-02 -1.099552141E+00 
       125 -4.287881593E-01 -4.286699715E-02 -1.101769122E+00 
       126 -4.294171816E-01 -4.274897978E-02 -1.104991012E+00 
       127 -1.186244961E-01 -4.274806476E-02 -2.929436416E-01 
       128 -4.300328245E-01 -4.263347266E-02 -1.109104841E+00 
       129 -4.306360753E-01 -4.251838683E-02 -1.111628536E+00 
       130 -1.137253631E-01 -4.245646642E-02 -2.879229492E-01 
       131 -4.312282245E-01 -4.240303464E-02 -1.113840049E+00 
       132 -4.318112484E-01 -4.228946010E-02 -1.118478387E+00 
       133 -4.323865499E-01 -4.217716991E-02 -1.121395627E+00 
       134 -1.087075238E-01 -4.215541317E-02 -2.828884583E-01 
       135 -4.329550132E-01 -4.206224062E-02 -1.122541312E+00 
       136 -4.335190318E-01 -4.194820993E-02 -1.126188139E+00 
       137 -1.035637333E-01 -4.184417741E-02 -2.777943385E-01 
       138 -4.340803548E-01 -4.183472424E-02 -1.129868553E+00 
       139 -4.346402682E-01 -4.171906566E-02 -1.131820193E+00 
       140 -4.352008130E-01 -4.160149153E-02 -1.134069614E+00 
       141 -9.828608391E-02 -4.152248676E-02 -2.726779936E-01 
       142 -4.357642682E-01 -4.148330695E-02 -1.138577036E+00 
       143 -4.363326082E-01 -4.136343987E-02 -1.141334824E+00 
       144 -4.369073978E-01 -4.123840816E-02 -1.142526227E+00 
       145 -9.286600455E-02 -4.118945830E-02 -2.675450046E-01 
       146 -4.374917464E-01 -4.111129712E-02 -1.147234782E+00 
       147 -4.380880660E-01 -4.098158208E-02 -1.150499001E+00 
       148 -4.386981297E-01 -4.084452218E-02 -1.151589919E+00 
       149 -8.729412315E-02 -4.084439936E-02 -2.623442780E-01 
       150 -4.393254778E-01 -4.070304262E-02 -1.156518864E+00 
       151 -4.399731694E-01 -4.055697520E-02 -1.159841650E+00 
       152 -8.156018273E-02 -4.048663410E-02 -2.571123809E-01 
       153 -4.406433058E-01 -4.040082693E-02 -1.161407523E+00 
       154 -4.413401866E-01 -4.023794793E-02 -1.166530842E+00 
       155 -7.565298997E-02 -4.011504938E-02 -2.518120741E-01 
       156 -4.420672429E-01 -4.006645788E-02 -1.169178398E+00 
       157 -4.428276194E-01 -3.988231351E-02 -1.173549772E+00 
       158 -6.956022276E-02 -3.972887925E-02 -2.464346218E-01 
       159 -4.436265389E-01 -3.968883499E-02 -1.177543696E+00 
       160 -4.444670117E-01 -3.947868835E-02 -1.181121683E+00 
       161 -6.326836258E-02 -3.932697221E-02 -2.410032258E-01 
       162 -4.453551086E-01 -3.925589803E-02 -1.185397133E+00 
       163 -4.462946822E-01 -3.901312898E-02 -1.190055300E+00 
       164 -5.676249979E-02 -3.890799093E-02 -2.354441149E-01 
       165 -4.472926457E-01 -3.875368162E-02 -1.195242067E+00 
       166 -5.002615048E-02 -3.847082675E-02 -2.298600699E-01 
       167 -4.483531523E-01 -3.846843250E-02 -1.197562925E+00 
       168 -4.494840962E-01 -3.815978111E-02 -1.205135956E+00 
       169 -4.304107772E-02 -3.801392708E-02 -2.241428737E-01 
       170 -4.506921705E-01 -3.782339258E-02 -1.210645660E+00 
       171 -3.912717840E-02 -3.775626897E-02 -2.210095740E-01 
       172 -3.521085752E-02 -3.749732892E-02 -2.179076939E-01 
       173 -4.519837745E-01 -3.745149839E-02 -1.214136530E+00 
       174 -3.129235715E-02 -3.723711171E-02 -2.147528647E-01 
       175 -4.533681281E-01 -3.704292601E-02 -1.219551117E+00 
       176 -2.737192138E-02 -3.697566117E-02 -2.116426133E-01 
       177 -2.344979048E-02 -3.671298885E-02 -2.085474126E-01 
       178 -4.548538146E-01 -3.659170610E-02 -1.225038410E+00 
       179 -1.952620658E-02 -3.644912124E-02 -2.054720931E-01 
       180 -1.560140998E-02 -3.618409939E-02 -2.024161887E-01 
       181 -4.564502739E-01 -3.609100908E-02 -1.230495985E+00 
       182 -1.167564669E-02 -3.591796625E-02 -1.993839866E-01 
       183 -7.749156788E-03 -3.565070242E-02 -1.963655592E-01 
       184 -4.581677825E-01 -3.553305287E-02 -1.236040771E+00 
       185 -3.822181713E-03 -3.538239443E-02 -1.933640596E-01 
       186  1.050355822E-04 -3.511302565E-02 -1.903797945E-01 
       187 -4.600176225E-01 -3.490895810E-02 -1.243112623E+00 
       188  4.032252883E-03 -3.484265114E-02 -1.874065822E-01 
       189  7.959228050E-03 -3.457129730E-02 -1.844490784E-01 
       190  1.188571798E-02 -3.429900117E-02 -1.815044966E-01 
       191 -4.620117634E-01 -3.420784807E-02 -1.247337904E+00 
       192  1.581148145E-02 -3.402579276E-02 -1.785725561E-01 
       193  1.973627816E-02 -3.375170920E-02 -1.756522366E-01 
       194  2.365986225E-02 -3.347678436E-02 -1.727430887E-01 
       195 -4.641615264E-01 -3.341235943E-02 -1.250270594E+00 
       196  2.758199339E-02 -3.320106251E-02 -1.698453952E-01 
       197  3.150242944E-02 -3.292457367E-02 -1.669582576E-01 
       198  3.542093011E-02 -3.264735539E-02 -1.640795915E-01 
       199 -4.664823405E-01 -3.251124074E-02 -1.254355507E+00 
       200  3.933725139E-02 -3.236945601E-02 -1.612108107E-01 
       201  4.325115107E-02 -3.209091983E-02 -1.583531093E-01 
       202  4.716239077E-02 -3.181177726E-02 -1.555037973E-01 
       203  5.107072831E-02 -3.153208016E-02 -1.526627006E-01 
       204 -4.689863746E-01 -3.147937752E-02 -1.255109589E+00 
       205  5.497592156E-02 -3.125186986E-02 -1.498307060E-01 
       206  5.887772831E-02 -3.097119994E-02 -1.470080180E-01 
       207  6.277591389E-02 -3.069010795E-02 -1.441942135E-01 
       208  6.667023243E-02 -3.040864265E-02 -1.413876657E-01 
       209 -4.716874213E-01 -3.029072138E-02 -1.251361977E+00 
       210  7.056044545E-02 -3.012686306E-02 -1.385910018E-01 
       211  7.444630711E-02 -2.984480891E-02 -1.358033716E-01 
       212  7.832758641E-02 -2.956253938E-02 -1.330245399E-01 
       213  8.220404491E-02 -2.928009937E-02 -1.302552006E-01 
       214  8.607543676E-02 -2.899754139E-02 -1.274939558E-01 
       215 -4.745968808E-01 -2.890923981E-02 -1.241965823E+00 
       216  8.994152349E-02 -2.871492840E-02 -1.247431017E-01 
       217  9.380206668E-02 -2.843231072E-02 -1.220032042E-01 
       218  9.765683536E-02 -2.814973894E-02 -1.192727828E-01 
       219  1.015055836E-01 -2.786727441E-02 -1.165528172E-01 
       220  1.053480805E-01 -2.758497294E-02 -1.138444745E-01 
       221  1.091840802E-01 -2.730288893E-02 -1.111471066E-01 
       222 -4.777252153E-01 -2.729232632E-02 -1.224989585E+00 
       223  1.130133590E-01 -2.702108699E-02 -1.084622933E-01 
       224  1.168356637E-01 -2.673961446E-02 -1.057894332E-01 
       225  1.206507707E-01 -2.645854152E-02 -1.031293484E-01 
       226  1.244584491E-01 -2.617791876E-02 -1.004833811E-01 
       227  1.282584455E-01 -2.589780770E-02 -9.785053386E-02 
       228  1.320505438E-01 -2.561826796E-02 -9.523245445E-02 
       229 -4.810735211E-01 -2.537676748E-02 -1.191817900E+00 
       230  1.358345057E-01 -2.533936097E-02 -9.263006150E-02 
       231  1.396100926E-01 -2.506114616E-02 -9.004411254E-02 
       232  1.433770810E-01 -2.478367604E-02 -8.747399805E-02 
       233  1.471352176E-01 -2.450701557E-02 -8.492063973E-02 
       234  1.508842939E-01 -2.423121913E-02 -8.238504181E-02 
       235  1.546240712E-01 -2.395635311E-02 -7.986869043E-02 
       236  1.583543113E-01 -2.368246294E-02 -7.737105612E-02 
       237  1.620747905E-01 -2.340961520E-02 -7.489261753E-02 
       238  1.657852853E-01 -2.313786044E-02 -7.243517867E-02 
       239 -4.846293245E-01 -2.307846522E-02 -1.133045273E+00 
       240  1.694855574E-01 -2.286725830E-02 -6.999868223E-02 
       241  1.731753682E-01 -2.259786793E-02 -6.758561124E-02 
       242  1.768545240E-01 -2.232973108E-02 -6.519545010E-02 
       243  1.805227567E-01 -2.206291756E-02 -6.283128649E-02 
       244  1.841798724E-01 -2.179746170E-02 -6.049510763E-02 
       245  1.878256327E-01 -2.153342461E-02 -5.819009412E-02 
       246  1.914598141E-01 -2.127085475E-02 -5.591869506E-02 
       247  1.950821930E-01 -2.100980032E-02 -5.367549964E-02 
       248  1.986925460E-01 -2.075030263E-02 -5.145799050E-02 
       249  2.022906495E-01 -2.049241180E-02 -4.926646526E-02 
       250 -4.883529678E-01 -2.028189668E-02 -1.030475877E+00 
       251  2.058762799E-01 -2.023617258E-02 -4.710166852E-02 
       252  2.094492137E-01 -1.998162931E-02 -4.496382146E-02 
       253  2.130092274E-01 -1.972881598E-02 -4.285276351E-02 
       254  2.165561273E-01 -1.947777669E-02 -4.076915591E-02 
       255  2.200896599E-01 -1.922854176E-02 -3.871307083E-02 
       256  2.236096317E-01 -1.898115173E-02 -3.668487909E-02 
       257  2.271158040E-01 -1.873563664E-02 -3.468521660E-02 
       258  2.306079833E-01 -1.849202971E-02 -3.271417192E-02 
       259  2.340859459E-01 -1.825035731E-02 -3.077211285E-02 
       260  2.375494683E-01 -1.801065226E-02 -2.885943637E-02 
       261  2.409983569E-01 -1.777292671E-02 -2.697563456E-02 
       262  2.444323731E-01 -1.753722056E-02 -2.512182606E-02 
       263  2.478513232E-01 -1.730354169E-02 -2.329814134E-02 
       264  2.512549837E-01 -1.707191042E-02 -2.150345144E-02 
       265  2.546431757E-01 -1.684233988E-02 -1.973869061E-02 
       266 -4.921431296E-01 -1.681959290E-02 -8.467780872E-01 
       267  2.580156311E-01 -1.661485044E-02 -1.800418210E-02 
       268  2.613722007E-01 -1.638945128E-02 -1.630037549E-02 
       269  2.647126462E-01 -1.616615333E-02 -1.462703005E-02 
       270  2.680367887E-01 -1.594495671E-02 -1.298329649E-02 
       271  2.713443897E-01 -1.572586903E-02 -1.136895390E-02 
       272  2.746352407E-01 -1.550889910E-02 -9.784983184E-03 
       273  2.779091926E-01 -1.529403859E-02 -8.230756035E-03 
       274  2.811659772E-01 -1.508128858E-02 -6.705106098E-03 
       275  2.844054454E-01 -1.487064572E-02 -5.208465127E-03 
       276  2.876273588E-01 -1.466209843E-02 -3.739616856E-03 
       277  2.908315684E-01 -1.445564258E-02 -2.298202132E-03 
       278  2.940178059E-01 -1.425127147E-02 -8.845498563E-04 
       279  2.971859222E-01 -1.404896632E-02  5.023814375E-04 
       280  3.003357387E-01 -1.384870714E-02  1.863371030E-03 
       281  3.034670168E-01 -1.365048939E-02  3.197314762E-03 
       282  3.065795777E-01 -1.345428562E-02  4.505265347E-03 
       283  3.096732426E-01 -1.326008025E-02  5.788457844E-03 
       284  3.127478028E-01 -1.306784422E-02  7.048064385E-03 
       285  3.158030795E-01 -1.287756358E-02  8.284497705E-03 
       286  3.188388938E-01 -1.268920427E-02  9.498381506E-03 
       287  3.218550372E-01 -1.250274369E-02  1.069186525E-02 
       288 -4.957673414E-01 -1.245733966E-02 -5.058897722E-01 
       289  3.248513309E-01 -1.231815200E-02  1.186532634E-02 
       290  3.278275958E-01 -1.213539922E-02  1.302023126E-02 
       291  3.307836534E-01 -1.195445197E-02  1.415808773E-02 
       292  3.337192948E-01 -1.177528278E-02  1.527980653E-02 
       293  3.366343712E-01 -1.159785094E-02  1.638699376E-02 
       294  3.395287036E-01 -1.142212472E-02  1.748120360E-02 
       295  3.424020834E-01 -1.124807313E-02  1.856258307E-02 
       296  3.452543318E-01 -1.107565874E-02  1.963276034E-02 
       297  3.480852998E-01 -1.090484001E-02  2.069497964E-02 
       298  3.508948085E-01 -1.073558544E-02  2.175283014E-02 
       299  3.536826791E-01 -1.056784922E-02  2.280834717E-02 
       300  3.564487328E-01 -1.040160173E-02  2.386027549E-02 
       301  3.591928205E-01 -1.023679771E-02  2.490769811E-02 
       302  3.619147337E-01 -1.007340418E-02  2.595057688E-02 
       303  3.646143531E-01 -9.911376618E-03  2.698695790E-02 
       304  3.672914700E-01 -9.750680384E-03  2.801451950E-02 
       305  3.699459653E-01 -9.591273698E-03  2.902744589E-02 
       306  3.725776004E-01 -9.433125414E-03  3.003259510E-02 
       307  3.751862861E-01 -9.276189456E-03  3.104112656E-02 
       308  3.777718434E-01 -9.120435289E-03  3.205575925E-02 
       309  3.803340936E-01 -8.965820885E-03  3.307987654E-02 
       310  3.828728876E-01 -8.812318053E-03  3.411593854E-02 
       311  3.853880764E-01 -8.659879726E-03  3.516760957E-02 
       312  3.878795109E-01 -8.508484312E-03  3.623564390E-02 
       313  3.903470123E-01 -8.358094021E-03  3.732253006E-02 
       314  3.927904317E-01 -8.208678132E-03  3.843111217E-02 
       315  3.952096199E-01 -8.060207474E-03  3.956108131E-02 
       316  3.976044578E-01 -7.912647824E-03  4.071441655E-02 
       317  3.999747665E-01 -7.765974639E-03  4.189338842E-02 
       318  4.023204268E-01 -7.620163480E-03  4.309920187E-02 
       319  4.046412599E-01 -7.475191425E-03  4.433434953E-02 
       320  4.069371466E-01 -7.331031850E-03  4.560218851E-02 
       321  4.092079379E-01 -7.187661416E-03  4.690680367E-02 
       322  4.114534846E-01 -7.045071701E-03  4.824817069E-02 
       323 -4.987151963E-01 -6.913677584E-03  5.606117881E-02 
       324  4.136736378E-01 -6.903240630E-03  4.962723762E-02 
       325  4.158683081E-01 -6.762148846E-03  5.104667410E-02 
       326  4.180373465E-01 -6.621785409E-03  5.250750087E-02 
       327  4.201805741E-01 -6.482140298E-03  5.401031422E-02 
       328  4.222979015E-01 -6.343208855E-03  5.555537728E-02 
       329  4.243891797E-01 -6.204979033E-03  5.714799367E-02 
       330  4.264542895E-01 -6.067452213E-03  5.879048999E-02 
       331  4.284931116E-01 -5.930618627E-03  6.048526927E-02 
       332  4.305054971E-01 -5.794485578E-03  6.223500439E-02 
       333  4.324913266E-01 -5.659057089E-03  6.403960894E-02 
       334  4.344505109E-01 -5.524329259E-03  6.590341708E-02 
       335  4.363828711E-01 -5.390321584E-03  6.782745209E-02 
       336  4.382883177E-01 -5.257036104E-03  6.981345431E-02 
       337  4.401667614E-01 -5.124484726E-03  7.186483158E-02 
       338  4.420180531E-01 -4.992682909E-03  7.398292406E-02 
       339  4.438420737E-01 -4.861652475E-03  7.616901908E-02 
       340  4.456387336E-01 -4.731412697E-03  7.842382031E-02 
       341  4.474079138E-01 -4.601977814E-03  8.075179110E-02 
       342  4.491494949E-01 -4.473373217E-03  8.315624266E-02 
       343  4.508633578E-01 -4.345633120E-03  8.563604015E-02 
       344  4.525494429E-01 -4.218780255E-03  8.819278490E-02 
       345  4.542076011E-01 -4.092849256E-03  9.082930984E-02 
       346  4.558377728E-01 -3.967866337E-03  9.354829432E-02 
       347  4.574398091E-01 -3.843872168E-03  9.635174957E-02 
       348  4.590136503E-01 -3.720900625E-03  9.924091528E-02 
       349  4.605591772E-01 -3.598992400E-03  1.022178970E-01 
       350  4.620762707E-01 -3.478190989E-03  1.052843383E-01 
       351  4.635649008E-01 -3.358534889E-03  1.084420004E-01 
       352  4.650249484E-01 -3.240066906E-03  1.116940185E-01 
       353  4.664562943E-01 -3.122835208E-03  1.150432927E-01 
       354  4.678589088E-01 -3.006885289E-03  1.184907231E-01 
       355  4.692326427E-01 -2.892273426E-03  1.220372317E-01 
       356  4.705774364E-01 -2.779047388E-03  1.256851453E-01 
       357  4.718932008E-01 -2.667253757E-03  1.294392872E-01 
       358  4.731798759E-01 -2.556951473E-03  1.333004461E-01 
       359  4.744373725E-01 -2.448189643E-03  1.372711321E-01 
       360  4.756656310E-01 -2.341024644E-03  1.413549025E-01 
       361  4.768645323E-01 -2.235508335E-03  1.455554938E-01 
       362  4.780340165E-01 -2.131709207E-03  1.498729158E-01 
       363  4.791740243E-01 -2.029673588E-03  1.543096729E-01 
       364  4.802844960E-01 -1.929458906E-03  1.588727643E-01 
       365  4.813653123E-01 -1.831132158E-03  1.635622138E-01 
       366  4.824164733E-01 -1.734744792E-03  1.683812775E-01 
       367  4.834378898E-01 -1.640351919E-03  1.733389320E-01 
       368  4.844294720E-01 -1.548024354E-03  1.784371816E-01 
       369  4.853911903E-01 -1.457806068E-03  1.836801977E-01 
       370  4.863229555E-01 -1.369761359E-03  1.890759961E-01 
       371  4.872247375E-01 -1.283950908E-03  1.946262795E-01 
       372  4.880964769E-01 -1.200424429E-03  2.003412735E-01 
       373  4.889381139E-01 -1.119247262E-03  2.062277742E-01 
       374  4.897496189E-01 -1.040466015E-03  2.122943161E-01 
       375  4.905308728E-01 -9.641437216E-04  2.185533379E-01 
       376  4.912819050E-01 -8.903323956E-04  2.250118057E-01 
       377  4.920026564E-01 -8.190780041E-04  2.316853669E-01 
       378  4.926930374E-01 -7.504442881E-04  2.385879054E-01 
       379  4.933530478E-01 -6.844762099E-04  2.457336714E-01 
       380  4.939826282E-01 -6.212199388E-04  2.531471873E-01 
       381  4.945817192E-01 -5.607273924E-04  2.608511777E-01 
       382  4.951503500E-01 -5.030410710E-04  2.688694613E-01 
       383  4.956884320E-01 -4.482030352E-04  2.772387767E-01 
       384  4.961959350E-01 -3.962661307E-04  2.859953346E-01 
       385  4.966728290E-01 -3.472667432E-04  2.951844517E-01 
       386  4.971191142E-01 -3.012358363E-04  3.048744713E-01 
       387  4.975347314E-01 -2.582164328E-04  3.151387774E-01 
       388  4.979196500E-01 -2.182450480E-04  3.260711670E-01 
       389  4.982738711E-01 -1.813494739E-04  3.377988387E-01 
       390  4.985973634E-01 -1.475617972E-04  3.505031025E-01 
       391  4.988901283E-01 -1.169021557E-04  3.643983866E-01 
       392  4.991521054E-01 -8.940347772E-05  3.799154705E-01 
       393 -4.999985845E-01 -6.982718270E-05  6.451293171E-01 
       394  4.993832953E-01 -6.508737766E-05  3.971733517E-01 
       395  4.995836980E-01 -4.397811433E-05  4.180641363E-01 
       396  4.996831446E-01 -3.347257866E-05  4.335976378E-01 
       397  4.997903952E-01 -2.214263766E-05  4.571710041E-01 
       398  4.998810934E-01 -1.256128600E-05  4.869242275E-01 
       399  4.999433095E-01 -5.988782121E-06  5.183082576E-01 
       400  4.999801107E-01 -2.101107135E-06  5.566021725E-01 
       401  5.000000000E-01  0.000000000E+00  5.718416949E-01 
       402  4.999802579E-01  3.201623597E-06  5.582130890E-01 
       403  4.999318855E-01  1.104630129E-05  5.111351931E-01 
       404  4.998372285E-01  2.639707865E-05  4.727587790E-01 
       405  4.997131952E-01  4.651187561E-05  4.418062714E-01 
       406  4.996144848E-01  6.251999359E-05  4.252697626E-01 
       407  4.994448980E-01  9.001032727E-05  4.058917266E-01 
       408  4.992444935E-01  1.225074798E-04  3.897364415E-01 
       409  4.990133010E-01  1.600016848E-04  3.751524900E-01 
       410  4.987513207E-01  2.024831020E-04  3.620300097E-01 
       411  4.984585525E-01  2.499612115E-04  3.500385193E-01 
       412  4.981350559E-01  3.024066757E-04  3.389972893E-01 
       413  4.977808311E-01  3.598482032E-04  3.287341537E-01 
       414  4.973959078E-01  4.222563556E-04  3.191436386E-01 
       415  4.969802860E-01  4.896499211E-04  3.101200558E-01 
       416  4.965339955E-01  5.620089685E-04  3.016046482E-01 
       417  4.960570959E-01  6.393229954E-04  2.935324156E-01 
       418  4.955495872E-01  7.216009056E-04  2.858380337E-01 
       419  4.950114993E-01  8.088414020E-04  2.784906717E-01 
       420  4.944428619E-01  9.010144175E-04  2.714583057E-01 
       421  4.938437644E-01  9.981280196E-04  2.647002922E-01 
       422  4.932141771E-01  1.100171273E-03  2.582007556E-01 
       423  4.925541595E-01  1.207132019E-03  2.519329685E-01 
       424  4.918637713E-01  1.319008386E-03  2.458687824E-01 
       425  4.911430124E-01  1.435798036E-03  2.399982699E-01 
       426  4.903919723E-01  1.557468978E-03  2.343053291E-01 
       427  4.896107106E-01  1.684027936E-03  2.287702990E-01 
       428  4.887991975E-01  1.815461651E-03  2.233905420E-01 
       429  4.879575521E-01  1.951746965E-03  2.181471734E-01 
       430  4.870858044E-01  2.092889088E-03  2.130320433E-01 
       431  4.861840138E-01  2.238854757E-03  2.080371248E-01 
       432  4.852522400E-01  2.389648712E-03  2.031481988E-01 
       433  4.842905129E-01  2.545245116E-03  1.983698587E-01 
       434  4.832989218E-01  2.705618852E-03  1.936870591E-01 
       435  4.822774965E-01  2.870782440E-03  1.890912966E-01 
       436  4.812263265E-01  3.040690749E-03  1.845830312E-01 
       437  4.801455012E-01  3.215334914E-03  1.801499355E-01 
       438  4.790350205E-01  3.394706773E-03  1.757895357E-01 
       439  4.778950036E-01  3.578767452E-03  1.715036315E-01 
       440  4.767255103E-01  3.767498578E-03  1.672791387E-01 
       441  4.755266000E-01  3.960899154E-03  1.631144892E-01 
       442  4.742983325E-01  4.158918252E-03  1.590111382E-01 
       443  4.730408269E-01  4.361543956E-03  1.549623207E-01 
       444  4.717541428E-01  4.568745094E-03  1.509631535E-01 
       445  4.704383696E-01  4.780506717E-03  1.470112488E-01 
       446  4.690935670E-01  4.996786026E-03  1.431071877E-01 
       447  4.677198243E-01  5.217567630E-03  1.392432375E-01 
       448  4.663172013E-01  5.442824045E-03  1.354178949E-01 
       449  4.648858468E-01  5.672510561E-03  1.316308296E-01 
       450  4.634257907E-01  5.906598777E-03  1.278827448E-01 
       451  4.619371522E-01  6.145050052E-03  1.241694486E-01 
       452  4.604200505E-01  6.387834558E-03  1.204867549E-01 
       453  4.588745155E-01  6.634921560E-03  1.168346785E-01 
       454 -4.987891908E-01  6.788696073E-03  9.380270965E-01 
       455  4.573006663E-01  6.886267752E-03  1.132115731E-01 
       456  4.556986222E-01  7.141833077E-03  1.096151559E-01 
       457  4.540684428E-01  7.401581665E-03  1.060462209E-01 
       458  4.524102771E-01  7.665459519E-03  1.025026524E-01 
       459  4.507241847E-01  7.933438670E-03  9.898253622E-02 
       460  4.490103146E-01  8.205463258E-03  9.548214816E-02 
       461  4.472687264E-01  8.481504811E-03  9.200109203E-02 
       462  4.454995394E-01  8.761492584E-03  8.854612775E-02 
       463  4.437028727E-01  9.045377248E-03  8.511215761E-02 
       464  4.418788457E-01  9.333126147E-03  8.169319052E-02 
       465  4.400275476E-01  9.624685248E-03  7.829217312E-02 
       466  4.381490978E-01  9.919990319E-03  7.490890663E-02 
       467  4.362436451E-01  1.021898823E-02  7.154389263E-02 
       468  4.343112792E-01  1.052161943E-02  6.819439732E-02 
       469  4.323520893E-01  1.082784470E-02  6.486029440E-02 
       470  4.303662543E-01  1.113757658E-02  6.154409680E-02 
       471  4.283538635E-01  1.145077404E-02  5.823931389E-02 
       472  4.263150363E-01  1.176737650E-02  5.495049669E-02 
       473  4.242499217E-01  1.208729836E-02  5.167613369E-02 
       474 -4.959109782E-01  1.237970235E-02  9.300414763E-01 
       475  4.221586387E-01  1.241049666E-02  4.841633494E-02 
       476  4.200413068E-01  1.273688489E-02  4.516996312E-02 
       477  4.178980748E-01  1.306641636E-02  4.193564212E-02 
       478  4.157290323E-01  1.339900174E-02  3.871719529E-02 
       479  4.135343580E-01  1.373457578E-02  3.551247123E-02 
       480  4.113142009E-01  1.407305654E-02  3.232341447E-02 
       481  4.090686505E-01  1.441438256E-02  2.914528145E-02 
       482  4.067978558E-01  1.475848576E-02  2.597896511E-02 
       483  4.045019657E-01  1.510526840E-02  2.282929234E-02 
       484  4.021811294E-01  1.545465318E-02  1.969449937E-02 
       485  3.998354661E-01  1.580657303E-02  1.657167169E-02 
       486  3.974651545E-01  1.616094126E-02  1.346306944E-02 
       487  3.950703139E-01  1.651766760E-02  1.037034472E-02 
       488 -4.923239237E-01  1.679454080E-02  7.802519102E-01 
       489  3.926511231E-01  1.687667004E-02  7.292833424E-03 
       490  3.902077013E-01  1.723786664E-02  4.229974843E-03 
       491  3.877401976E-01  1.760117352E-02  1.183911484E-03 
       492  3.852487610E-01  1.796649763E-02 -1.849176465E-03 
       493  3.827335702E-01  1.833376428E-02 -4.865694024E-03 
       494  3.801947744E-01  1.870285073E-02 -7.863758643E-03 
       495  3.776325225E-01  1.907369719E-02 -1.084543669E-02 
       496  3.750469635E-01  1.944619202E-02 -1.380908959E-02 
       497  3.724382764E-01  1.982025687E-02 -1.675619156E-02 
       498  3.698066398E-01  2.019578003E-02 -1.968273973E-02 
       499 -4.885447376E-01  2.030231549E-02  6.229438880E-01 
       500  3.671521433E-01  2.057268140E-02 -2.259132664E-02 
       501  3.644750252E-01  2.095086220E-02 -2.548177013E-02 
       502  3.617754048E-01  2.133022184E-02 -2.835056551E-02 
       503  3.590534907E-01  2.171065419E-02 -3.119793132E-02 
       504  3.563094022E-01  2.209207536E-02 -3.402386863E-02 
       505  3.535433477E-01  2.247437735E-02 -3.682890159E-02 
       506  3.507554765E-01  2.285746881E-02 -3.961069386E-02 
       507 -4.848139868E-01  2.313420009E-02  4.941638736E-01 
       508  3.479459672E-01  2.324123621E-02 -4.236950034E-02 
       509  3.451149988E-01  2.362559372E-02 -4.510433728E-02 
       510  3.422627500E-01  2.401042038E-02 -4.781241398E-02 
       511  3.393893699E-01  2.439563419E-02 -5.049747744E-02 
       512  3.364950373E-01  2.478113448E-02 -5.315801273E-02 
       513  3.335799608E-01  2.516680394E-02 -5.578961940E-02 
       514 -4.812411813E-01  2.546157280E-02  3.921241946E-01 
       515  3.306443193E-01  2.555253644E-02 -5.839321630E-02 
       516  3.276882618E-01  2.593824807E-02 -6.096957883E-02 
       517  3.247119968E-01  2.632382337E-02 -6.351667943E-02 
       518  3.217157033E-01  2.670916361E-02 -6.603442441E-02 
       519  3.186995601E-01  2.709416631E-02 -6.852205332E-02 
       520 -4.778681664E-01  2.739897360E-02  3.125448549E-01 
       521  3.156637459E-01  2.747872902E-02 -7.097706783E-02 
       522  3.126084695E-01  2.786274377E-02 -7.340171996E-02 
       523  3.095339096E-01  2.824612470E-02 -7.579413834E-02 
       524  3.064402451E-01  2.862874904E-02 -7.815232015E-02 
       525  3.033276846E-01  2.901053097E-02 -8.047669764E-02 
       526 -4.747103214E-01  2.903230316E-02  2.498739449E-01 
       527  3.001964069E-01  2.939135881E-02 -8.276597003E-02 
       528  2.970465908E-01  2.977114494E-02 -8.502013194E-02 
       529  2.938784749E-01  3.014977390E-02 -8.723650748E-02 
       530 -4.717697341E-01  3.042909519E-02  1.991647374E-01 
       531  2.906922379E-01  3.052715257E-02 -8.941519728E-02 
       532  2.874880288E-01  3.090319340E-02 -9.155913646E-02 
       533  2.842661159E-01  3.127779752E-02 -9.366464292E-02 
       534 -4.690357097E-01  3.163016781E-02  1.579328763E-01 
       535  2.810266482E-01  3.165084964E-02 -9.572932441E-02 
       536  2.777698641E-01  3.202226953E-02 -9.775476726E-02 
       537  2.744959127E-01  3.239196037E-02 -9.974069402E-02 
       538 -4.664978509E-01  3.267266242E-02  1.248608519E-01 
       539  2.712050622E-01  3.275982530E-02 -1.016885599E-01 
       540  2.678974616E-01  3.312577861E-02 -1.035959972E-01 
       541  2.645733196E-01  3.348972717E-02 -1.054611164E-01 
       542 -4.641431471E-01  3.358371409E-02  9.790268743E-02 
       543  2.612328746E-01  3.385157784E-02 -1.072822883E-01 
       544  2.578763054E-01  3.421124496E-02 -1.090597851E-01 
       545 -4.619596804E-01  3.438849088E-02  7.428204451E-02 
       546  2.545038504E-01  3.456864278E-02 -1.107929752E-01 
       547  2.511156587E-01  3.492368568E-02 -1.124810602E-01 
       548 -4.599319813E-01  3.509757504E-02  5.479245186E-02 
       549  2.477119986E-01  3.527628791E-02 -1.141229921E-01 
       550  2.442930488E-01  3.562636386E-02 -1.157174806E-01 
       551 -4.580493750E-01  3.572976220E-02  3.910967792E-02 
       552  2.408590329E-01  3.597383900E-02 -1.172662140E-01 
       553 -4.562997954E-01  3.629535570E-02  2.484481855E-02 
       554  2.374101445E-01  3.631863875E-02 -1.187673771E-01 
       555  2.339466223E-01  3.666067380E-02 -1.202202006E-01 
       556 -4.546720439E-01  3.680322760E-02  1.258029695E-02 
       557  2.304686598E-01  3.699988076E-02 -1.216251235E-01 
       558 -4.531559013E-01  3.726114741E-02  2.072966055E-03 
       559  2.269764806E-01  3.733618143E-02 -1.229824704E-01 
       560  2.234703083E-01  3.766950868E-02 -1.242911622E-01 
       561 -4.517419700E-01  3.767592438E-02 -7.103765043E-03 
       562  2.199503365E-01  3.799978439E-02 -1.255504228E-01 
       563 -4.504216971E-01  3.805351606E-02 -1.547159260E-02 
       564  2.164168038E-01  3.832694888E-02 -1.267604555E-01 
       565 -4.491866080E-01  3.839773563E-02 -2.316191642E-02 
       566  2.128699038E-01  3.865093517E-02 -1.279225275E-01 
       567 -4.480289160E-01  3.871132831E-02 -2.898655139E-02 
       568  2.093098898E-01  3.897168724E-02 -1.290352196E-01 
       569 -4.469426452E-01  3.900115148E-02 -3.444611152E-02 
       570 -4.459205901E-01  3.926751038E-02 -3.988529430E-02 
       571  2.057369557E-01  3.928913078E-02 -1.300983484E-01 
       572 -4.449571213E-01  3.951389757E-02 -4.415027109E-02 
       573  2.021513249E-01  3.960322463E-02 -1.311124199E-01 
       574 -4.440469155E-01  3.974326847E-02 -4.847033805E-02 
       575  1.985532211E-01  3.991389817E-02 -1.320765772E-01 
       576 -4.431844182E-01  3.995624975E-02 -5.229183540E-02 
       577 -4.423652686E-01  4.015582545E-02 -5.546913173E-02 
       578  1.949428676E-01  4.022111030E-02 -1.329921305E-01 
       579 -4.415850226E-01  4.034351218E-02 -5.907013917E-02 
       580 -4.408391882E-01  4.051918822E-02 -6.162574573E-02 
       581  1.913204880E-01  4.052480148E-02 -1.338576725E-01 
       582 -4.401247447E-01  4.068747034E-02 -6.467127678E-02 
       583  1.876863060E-01  4.082492326E-02 -1.346723811E-01 
       584 -4.394369649E-01  4.084480304E-02 -6.746482359E-02 
       585 -4.387733833E-01  4.099589509E-02 -6.907645032E-02 
       586  1.840405449E-01  4.112142730E-02 -1.354375999E-01 
       587 -4.381309056E-01  4.114201134E-02 -7.218526737E-02 
       588 -4.375056170E-01  4.127962579E-02 -7.418211495E-02 
       589 -4.368957463E-01  4.141384704E-02 -7.539859933E-02 
       590  1.803834285E-01  4.141427995E-02 -1.361537375E-01 
       591 -4.362985770E-01  4.154527295E-02 -7.818161659E-02 
       592 -4.357108575E-01  4.167065498E-02 -7.992881549E-02 
       593  1.767151949E-01  4.170342917E-02 -1.368201867E-01 
       594 -4.351309782E-01  4.179399616E-02 -8.090221776E-02 
       595 -4.345567899E-01  4.191612686E-02 -8.309934984E-02 
       596  1.730360382E-01  4.198884510E-02 -1.374376961E-01 
       597 -4.339856899E-01  4.203523406E-02 -8.503497403E-02 
       598 -4.334158650E-01  4.215235114E-02 -8.612573817E-02 
       599 -4.328457370E-01  4.226953050E-02 -8.762658372E-02 
       600  1.693462263E-01  4.227048306E-02 -1.380049016E-01 
       601 -4.322734048E-01  4.238658430E-02 -8.988191692E-02 
       602 -4.316965567E-01  4.250113859E-02 -9.113066252E-02 
       603  1.656459532E-01  4.254831334E-02 -1.385243223E-01 
       604 -4.311142065E-01  4.261678552E-02 -9.199560223E-02 
       605 -4.305247501E-01  4.273384365E-02 -9.408881383E-02 
       606  1.619354571E-01  4.282231341E-02 -1.389960213E-01 
       607 -4.299261647E-01  4.284971403E-02 -9.557765520E-02 
       608 -4.293172771E-01  4.296652383E-02 -9.640683593E-02 
       609 -4.286968956E-01  4.308553863E-02 -9.805580594E-02 
       610  1.582149767E-01  4.309243872E-02 -1.394172075E-01 
       611 -4.280633326E-01  4.320514614E-02 -9.983204954E-02 
       612 -4.274151262E-01  4.332525105E-02 -1.008389527E-01 
       613  1.544847353E-01  4.335866694E-02 -1.397902179E-01 
       614 -4.267514121E-01  4.344822934E-02 -1.021659456E-01 
       615 -4.260706777E-01  4.357277827E-02 -1.040394715E-01 
       616  1.507449566E-01  4.362098308E-02 -1.401152692E-01 
       617 -4.253714267E-01  4.369790277E-02 -1.050969903E-01 
       618 -4.246529848E-01  4.382646130E-02 -1.063746597E-01 
       619  1.469958789E-01  4.387935748E-02 -1.403934688E-01 
       620 -4.239137696E-01  4.395662830E-02 -1.081689183E-01 
       621 -4.231525736E-01  4.408813467E-02 -1.091838914E-01 
       622  1.432377407E-01  4.413378254E-02 -1.406261133E-01 
       623 -4.223686162E-01  4.422357337E-02 -1.107445549E-01 
       624 -4.215601637E-01  4.435962963E-02 -1.122588747E-01 
       625  1.394707506E-01  4.438423229E-02 -1.408105966E-01 
       626 -4.207264558E-01  4.449867287E-02 -1.131937095E-01 
       627  1.356951620E-01  4.463069191E-02 -1.409494523E-01 
       628 -4.198664063E-01  4.464105820E-02 -1.150334550E-01 
       629 -4.189783601E-01  4.478398874E-02 -1.161909483E-01 
       630  1.319111984E-01  4.487316499E-02 -1.410446370E-01 
       631 -4.180618139E-01  4.493150636E-02 -1.175478861E-01 
       632 -4.171149633E-01  4.507945110E-02 -1.189501382E-01 
       633  1.281190983E-01  4.511163297E-02 -1.410937801E-01 
       634 -4.161371395E-01  4.523131402E-02 -1.199941334E-01 
       635  1.243191000E-01  4.534608852E-02 -1.411001249E-01 
       636 -4.151267792E-01  4.538489473E-02 -1.214650134E-01 
       637 -4.140828796E-01  4.554129325E-02 -1.225995803E-01 
       638  1.205114197E-01  4.557654259E-02 -1.410627722E-01 
       639 -4.130041059E-01  4.570006114E-02 -1.239302840E-01 
       640  1.166963107E-01  4.580297313E-02 -1.409816189E-01 
       641 -4.118891735E-01  4.586116403E-02 -1.251272827E-01 
       642 -4.107368151E-01  4.602465960E-02 -1.262978029E-01 
       643  1.128740039E-01  4.602540228E-02 -1.408574468E-01 
       644 -4.095456912E-01  4.619061627E-02 -1.275368719E-01 
       645  1.090447230E-01  4.624382276E-02 -1.406917664E-01 
       646 -4.083143195E-01  4.635834603E-02 -1.285712455E-01 
       647  1.052087212E-01  4.645824939E-02 -1.404880377E-01 
       648 -4.070414814E-01  4.652927036E-02 -1.298259373E-01 
       649  1.013662221E-01  4.666868963E-02 -1.402441009E-01 
       650 -4.057253024E-01  4.670076145E-02 -1.307865323E-01 
       651  9.751747153E-02  4.687515099E-02 -1.399611750E-01 
       652 -4.043647237E-01  4.687616270E-02 -1.318332844E-01 
       653 -4.029576547E-01  4.705159910E-02 -1.328769075E-01 
       654  9.366270054E-02  4.707764836E-02 -1.396396813E-01 
       655 -4.015027209E-01  4.722984685E-02 -1.334558100E-01 
       656  8.980215500E-02  4.727619676E-02 -1.392817397E-01 
       657 -3.999981185E-01  4.741051164E-02 -1.346920339E-01 
       658  8.593606587E-02  4.747082587E-02 -1.388899638E-01 
       659 -3.984417109E-01  4.759113960E-02 -1.353542888E-01 
       660  8.206467161E-02  4.766155061E-02 -1.384626307E-01 
       661 -3.968318785E-01  4.777447159E-02 -1.358777622E-01 
       662  7.818821064E-02  4.784838603E-02 -1.380011894E-01 
       663 -3.951664465E-01  4.795978644E-02 -1.369637490E-01 
       664  7.430692885E-02  4.803136925E-02 -1.375074910E-01 
       665 -3.934430068E-01  4.814467344E-02 -1.374288900E-01 
       666  7.042106468E-02  4.821051902E-02 -1.369814180E-01 
       667 -3.916594803E-01  4.833153466E-02 -1.376797765E-01 
       668  6.653084911E-02  4.838586885E-02 -1.364254448E-01 
       669 -3.898133941E-01  4.852003625E-02 -1.383936753E-01 
       670  6.263652802E-02  4.855745223E-02 -1.358404717E-01 
       671 -3.879019997E-01  4.870927388E-02 -1.389999562E-01 
       672  5.873833985E-02  4.872529530E-02 -1.352256260E-01 
       673  5.483653048E-02  4.888943169E-02 -1.345838281E-01 
       674 -3.859224001E-01  4.889823784E-02 -1.391517287E-01 
       675  5.093133464E-02  4.904990967E-02 -1.339163070E-01 
       676 -3.838717147E-01  4.908817738E-02 -1.391508867E-01 
       677  4.702299446E-02  4.920675548E-02 -1.332236958E-01 
       678 -3.817467261E-01  4.927881927E-02 -1.393338328E-01 
       679  4.311175213E-02  4.936001746E-02 -1.325075259E-01 
       680 -3.795439353E-01  4.946988453E-02 -1.394869008E-01 
       681  3.919784978E-02  4.950972924E-02 -1.317681558E-01 
       682  3.528152587E-02  4.965593923E-02 -1.310081499E-01 
       683 -3.772595884E-01  4.966107134E-02 -1.395771031E-01 
       684  3.136302255E-02  4.979869212E-02 -1.302282595E-01 
       685 -3.748896312E-01  4.985214772E-02 -1.395603279E-01 
       686  2.744258385E-02  4.993802893E-02 -1.294292363E-01 
       687 -3.724297133E-01  5.004283868E-02 -1.394230269E-01 
       688  2.352045005E-02  5.007399811E-02 -1.286127054E-01 
       689  1.959686332E-02  5.020664810E-02 -1.277800917E-01 
       690 -3.698751055E-01  5.023273741E-02 -1.391062950E-01 
       691  1.567206396E-02  5.033602732E-02 -1.269324896E-01 
       692 -3.672206233E-01  5.042197478E-02 -1.386704421E-01 
       693  1.174629785E-02  5.046218424E-02 -1.260710363E-01 
       694  7.819805296E-03  5.058517103E-02 -1.251978625E-01 
       695 -3.645435187E-01  5.060473107E-02 -1.381937764E-01 
       696  3.892827516E-03  5.070503981E-02 -1.243127398E-01 
       697 -3.618905695E-01  5.077809040E-02 -1.376384290E-01 
       698 -3.439239079E-05  5.082183918E-02 -1.234212956E-01 
       699 -3.961612280E-03  5.093563568E-02 -1.225173475E-01 
       700 -3.592595042E-01  5.094268763E-02 -1.370083974E-01 
       701 -7.888589960E-03  5.104643785E-02 -1.216083186E-01 
       702 -3.566480894E-01  5.109913591E-02 -1.363153140E-01 
       703 -1.181508238E-02  5.115437463E-02 -1.206945667E-01 
       704 -3.540542992E-01  5.124797157E-02 -1.355738472E-01 
       705 -1.574084828E-02  5.125941397E-02 -1.197731256E-01 
       706 -1.966564738E-02  5.136168525E-02 -1.188549203E-01 
       707 -3.514761581E-01  5.138968540E-02 -1.347910210E-01 
       708 -2.358923378E-02  5.146120740E-02 -1.179353418E-01 
       709 -3.489118216E-01  5.152474583E-02 -1.339807299E-01 
       710 -2.751136721E-02  5.155803253E-02 -1.170162952E-01 
       711 -3.143180548E-02  5.165220569E-02 -1.160936683E-01 
       712 -3.463595410E-01  5.165355164E-02 -1.331529253E-01 
       713 -3.535030831E-02  5.174380828E-02 -1.152067207E-01 
       714 -3.438176533E-01  5.177648580E-02 -1.323159736E-01 
       715 -3.926663167E-02  5.183286323E-02 -1.142590028E-01 
       716 -3.412845494E-01  5.189389752E-02 -1.314849655E-01 
       717 -4.626495923E-02  5.198585663E-02 -1.125413222E-01 
       718 -3.387587246E-01  5.200609049E-02 -1.306652327E-01 
       719 -3.362387737E-01  5.211334454E-02 -1.298528082E-01 
       720 -5.301660573E-02  5.212646330E-02 -1.110168076E-01 
       721 -3.337233166E-01  5.221565948E-02 -1.289930289E-01 
       722 -5.953946186E-02  5.225618795E-02 -1.095602815E-01 
       723 -3.312110071E-01  5.231300238E-02 -1.279846693E-01 
       724 -6.584971470E-02  5.237588805E-02 -1.081549906E-01 
       725 -3.287006450E-01  5.240614064E-02 -1.269410447E-01 
       726 -7.196202679E-02  5.248657515E-02 -1.068461319E-01 
       727 -3.261910300E-01  5.249528073E-02 -1.259769943E-01 
       728 -3.236810097E-01  5.258061093E-02 -1.250580153E-01 
       729 -7.788971991E-02  5.258949186E-02 -1.056027856E-01 
       730 -3.211694765E-01  5.266230048E-02 -1.241759096E-01 
       731 -8.364492538E-02  5.268482211E-02 -1.044180456E-01 
       732 -3.186553923E-01  5.274049978E-02 -1.233276650E-01 
       733 -8.923869921E-02  5.277383474E-02 -1.033272118E-01 
       734 -3.161377075E-01  5.281458459E-02 -1.223352379E-01 
       735 -9.468115516E-02  5.285668120E-02 -1.022694919E-01 
       736 -3.136154496E-01  5.288540449E-02 -1.212537372E-01 
       737 -9.998156001E-02  5.293409118E-02 -1.013246723E-01 
       738 -3.110876891E-01  5.295315439E-02 -1.202781248E-01 
       739 -1.051484089E-01  5.300668215E-02 -1.004354150E-01 
       740 -3.085534918E-01  5.301795484E-02 -1.193575064E-01 
       741 -1.101895123E-01  5.307432549E-02 -9.956802097E-02 
       742 -3.060119520E-01  5.307991722E-02 -1.184851704E-01 
       743 -1.151120533E-01  5.313784883E-02 -9.879436935E-02 
       744 -3.034622407E-01  5.313893696E-02 -1.176116218E-01 
       745 -3.009034892E-01  5.319469631E-02 -1.166173888E-01 
       746 -1.199226612E-01  5.319753651E-02 -9.810282204E-02 
       747 -2.983348402E-01  5.324789638E-02 -1.156009919E-01 
       748 -1.246274682E-01  5.325352887E-02 -9.744659306E-02 
       749 -2.957555583E-01  5.329862593E-02 -1.146910712E-01 
       750 -1.292321297E-01  5.330595307E-02 -9.682879102E-02 
       751 -2.931648019E-01  5.334695804E-02 -1.138295780E-01 
       752 -1.337418947E-01  5.335526768E-02 -9.627833051E-02 
       753 -2.905618332E-01  5.339294364E-02 -1.130124302E-01 
       754 -1.381616204E-01  5.340161551E-02 -9.578805167E-02 
       755 -2.879458265E-01  5.343610453E-02 -1.121162346E-01 
       756 -1.424958393E-01  5.344518226E-02 -9.536171722E-02 
       757 -2.853161000E-01  5.347687904E-02 -1.111517750E-01 
       758 -1.467487381E-01  5.348610829E-02 -9.498970551E-02 
       759 -2.826718555E-01  5.351552686E-02 -1.102615995E-01 
       760 -1.509242435E-01  5.352446248E-02 -9.464842537E-02 
       761 -2.800123548E-01  5.355208439E-02 -1.094383546E-01 
       762 -1.550260112E-01  5.356033641E-02 -9.434444116E-02 
       763 -2.773368927E-01  5.358657776E-02 -1.086550377E-01 
       764 -1.590574296E-01  5.359395477E-02 -9.409166201E-02 
       765 -2.746447043E-01  5.361891953E-02 -1.078788284E-01 
       766 -1.630217037E-01  5.362538623E-02 -9.388577357E-02 
       767 -2.719350814E-01  5.364885018E-02 -1.070317041E-01 
       768 -1.669218104E-01  5.365472426E-02 -9.372713759E-02 
       769 -2.692072322E-01  5.367686019E-02 -1.061785970E-01 
       770 -1.707605392E-01  5.368204171E-02 -9.361300222E-02 
       771 -2.664604731E-01  5.370299471E-02 -1.054056155E-01 
       772 -1.745405211E-01  5.370740339E-02 -9.354160897E-02 
       773 -2.636940245E-01  5.372728679E-02 -1.046771306E-01 
       774 -1.782641975E-01  5.373086676E-02 -9.351036040E-02 
       775 -2.609071425E-01  5.374975474E-02 -1.039872048E-01 
       776 -1.819339071E-01  5.375248334E-02 -9.351963941E-02 
       777 -2.580990411E-01  5.377023827E-02 -1.032919115E-01 
       778 -1.855518229E-01  5.377231107E-02 -9.356954063E-02 
       779 -2.552689675E-01  5.378868167E-02 -1.025516690E-01 
       780 -1.891199925E-01  5.379038245E-02 -9.365630606E-02 
       781 -2.524161111E-01  5.380539778E-02 -1.018294755E-01 
       782 -1.926403616E-01  5.380672549E-02 -9.377668919E-02 
       783 -2.495396716E-01  5.382041201E-02 -1.011689487E-01 
       784 -1.961147691E-01  5.382137309E-02 -9.393323655E-02 
       785 -2.466388291E-01  5.383374383E-02 -1.005495316E-01 
       786 -1.995449391E-01  5.383436703E-02 -9.412640758E-02 
       787 -2.437127118E-01  5.384540417E-02 -9.996652611E-02 
       788 -2.029325039E-01  5.384571448E-02 -9.435550911E-02 
       789 -2.407604682E-01  5.385539668E-02 -9.941277426E-02 
       790 -2.062790553E-01  5.385543711E-02 -9.461767701E-02 
       791 -2.377811746E-01  5.386350032E-02 -9.884133454E-02 
       792 -2.095860314E-01  5.386354486E-02 -9.492928903E-02 
       793 -2.347739384E-01  5.386990788E-02 -9.825980568E-02 
       794 -2.128548719E-01  5.387006839E-02 -9.525599720E-02 
       795 -2.317377743E-01  5.387471977E-02 -9.772542211E-02 
       796 -2.160869042E-01  5.387481589E-02 -9.558670424E-02 
       797 -2.286716908E-01  5.387793233E-02 -9.723221627E-02 
       798 -2.192834073E-01  5.387799273E-02 -9.595051625E-02 
       799 -2.255746576E-01  5.387954098E-02 -9.677153059E-02 
       800 -2.224456025E-01  5.387955763E-02 -9.634300202E-02 
