nodenumber     x-coordinate     y-coordinate pressure-coefficient 
         1 -3.422735631E-01 -4.476024956E-02  2.147686977E-01 
         2 -3.306559324E-01 -4.472550750E-02  2.093983348E-01 
         3 -3.535533845E-01 -4.470079765E-02  2.214755990E-01 
         4 -3.187119961E-01 -4.460608214E-02  2.050580644E-01 
         5 -3.644843102E-01 -4.453769326E-02  2.298918866E-01 
         6 -3.064535260E-01 -4.441135377E-02  2.015000620E-01 
         7 -3.750555217E-01 -4.426172376E-02  2.404049573E-01 
         8 -2.938926220E-01 -4.415043816E-02  1.985031519E-01 
         9 -3.852566183E-01 -4.386402667E-02  2.534589125E-01 
        10 -2.810416818E-01 -4.383201897E-02  1.958819233E-01 
        11 -2.679134011E-01 -4.346424714E-02  1.934735039E-01 
        12 -3.950774968E-01 -4.333631322E-02  2.695421300E-01 
        13 -2.545207143E-01 -4.305461794E-02  1.911414683E-01 
        14 -4.045085013E-01 -4.267109558E-02  2.891473471E-01 
        15 -2.408768386E-01 -4.260987043E-02  1.887809303E-01 
        16 -2.269952446E-01 -4.213595390E-02  1.863044910E-01 
        17 -4.135402739E-01 -4.186172783E-02  3.128060536E-01 
        18 -2.128896415E-01 -4.163798690E-02  1.836444026E-01 
        19 -1.985739470E-01 -4.112017527E-02  1.807930103E-01 
        20 -4.221639633E-01 -4.090262577E-02  3.410301285E-01 
        21 -1.840622723E-01 -4.058592021E-02  1.777844686E-01 
        22 -1.693689674E-01 -4.003781080E-02  1.746072719E-01 
        23 -4.303710163E-01 -3.978937864E-02  3.742022395E-01 
        24 -1.545085013E-01 -3.947758675E-02  1.712476975E-01 
        25 -1.394955516E-01 -3.890637308E-02  1.677266154E-01 
        26 -4.381533265E-01 -3.851889819E-02  4.125416744E-01 
        27 -1.243449450E-01 -3.832461685E-02  1.640705813E-01 
        28 -1.090716198E-01 -3.773225844E-02  1.603180358E-01 
        29 -9.369065613E-02 -3.712884709E-02  1.565107890E-01 
        30 -4.455032647E-01 -3.708947822E-02  4.564811450E-01 
        31 -7.821723074E-02 -3.651363403E-02  1.526934241E-01 
        32 -6.266661733E-02 -3.588563949E-02  1.489139671E-01 
        33 -4.524135292E-01 -3.550093621E-02  5.075948296E-01 
        34 -4.705415666E-02 -3.524384648E-02  1.452208750E-01 
        35 -3.139526024E-02 -3.458729759E-02  1.416593449E-01 
        36 -1.570537873E-02 -3.391510993E-02  1.382747351E-01 
        37 -4.588773251E-01 -3.375453874E-02  5.664990858E-01 
        38 -1.000000000E-16 -3.322666883E-02  1.351079913E-01 
        39  1.570537873E-02 -3.252159432E-02  1.321653189E-01 
        40 -4.648882449E-01 -3.185321391E-02  6.323332545E-01 
        41  3.139526024E-02 -3.179986402E-02  1.294412393E-01 
        42  4.705415666E-02 -3.106180578E-02  1.269451877E-01 
        43  6.266661733E-02 -3.030814044E-02  1.246811420E-01 
        44 -4.704403877E-01 -2.980140969E-02  7.039400463E-01 
        45  7.821723074E-02 -2.953995392E-02  1.226471166E-01 
        46  9.369065613E-02 -2.875867859E-02  1.208339797E-01 
        47  1.090716198E-01 -2.796605229E-02  1.192247065E-01 
        48 -4.755282700E-01 -2.760512568E-02  7.791101434E-01 
        49  1.243449450E-01 -2.716408297E-02  1.177946575E-01 
        50  1.394955516E-01 -2.635493688E-02  1.165146124E-01 
        51  1.545085013E-01 -2.554091811E-02  1.153509764E-01 
        52 -4.801468551E-01 -2.527193725E-02  8.539329008E-01 
        53  1.693689674E-01 -2.472433448E-02  1.142673436E-01 
        54  1.840622723E-01 -2.390746772E-02  1.132270231E-01 
        55  1.985739470E-01 -2.309244499E-02  1.121940290E-01 
        56 -4.842915833E-01 -2.281082235E-02  9.224087573E-01 
        57  2.128896415E-01 -2.228120342E-02  1.111362945E-01 
        58  2.269952446E-01 -2.147540450E-02  1.100283782E-01 
        59  2.408768386E-01 -2.067637071E-02  1.088542281E-01 
        60 -4.879583716E-01 -2.023220062E-02  9.740643399E-01 
        61  2.545207143E-01 -1.988508552E-02  1.076047179E-01 
        62  2.679134011E-01 -1.910213009E-02  1.062757945E-01 
        63  2.810416818E-01 -1.832770556E-02  1.048710648E-01 
        64  2.938926220E-01 -1.756163873E-02  1.034057156E-01 
        65 -4.911436141E-01 -1.754771732E-02  9.949575355E-01 
        66  3.064535260E-01 -1.680341549E-02  1.019040295E-01 
        67  3.187119961E-01 -1.605223492E-02  1.004038722E-01 
        68  3.306559324E-01 -1.530707441E-02  9.895615297E-02 
        69 -4.938441813E-01 -1.477019116E-02  9.681050771E-01 
        70  3.422735631E-01 -1.456675958E-02  9.763139106E-02 
        71  3.535533845E-01 -1.383007877E-02  9.648940165E-02 
        72  3.644843102E-01 -1.309585012E-02  9.561101614E-02 
        73  3.750555217E-01 -1.236304268E-02  9.512210923E-02 
        74 -4.960573614E-01 -1.191353612E-02  8.721536750E-01 
        75  3.852566183E-01 -1.163087506E-02  9.512429756E-02 
        76  3.950774968E-01 -1.089890767E-02  9.570962993E-02 
        77  4.045085013E-01 -1.016711630E-02  9.700846705E-02 
        78  4.135402739E-01 -9.435997345E-03  9.915108500E-02 
        79 -4.977809787E-01 -8.992493153E-03  6.874442444E-01 
        80  4.221639633E-01 -8.706594817E-03  1.022614381E-01 
        81  4.303710163E-01 -7.980572060E-03  1.064768420E-01 
        82  4.381533265E-01 -7.260216866E-03  1.118978146E-01 
        83  4.455032647E-01 -6.548425648E-03  1.185788440E-01 
        84 -4.990133643E-01 -6.022471469E-03  4.002730353E-01 
        85  4.524135292E-01 -5.848697852E-03  1.266332180E-01 
        86  4.588773251E-01 -5.165110342E-03  1.361953123E-01 
        87  4.648882449E-01 -4.502202850E-03  1.473664238E-01 
        88  4.704403877E-01 -3.864910454E-03  1.602618575E-01 
        89  4.755282700E-01 -3.258486977E-03  1.750073166E-01 
        90 -4.997532666E-01 -3.019599710E-03  1.558506485E-02 
        91  4.801468551E-01 -2.688329667E-03  1.917615201E-01 
        92  4.842915833E-01 -2.159925643E-03  2.107336791E-01 
        93  4.879583716E-01 -1.678619068E-03  2.322327485E-01 
        94  4.911436141E-01 -1.249571098E-03  2.567310847E-01 
        95  4.938441813E-01 -8.775498136E-04  2.850387943E-01 
        96  4.960573614E-01 -5.668498925E-04  3.183726452E-01 
        97  4.977809787E-01 -3.211775329E-04  3.593544273E-01 
        98  4.990133643E-01 -1.434903825E-04  4.087528287E-01 
        99  4.997532666E-01 -3.599153206E-05  4.863806458E-01 
       100 -5.000000000E-01  0.000000000E+00 -4.402417964E-01 
       101  5.000000000E-01  0.000000000E+00  4.987509647E-01 
       102  4.997532666E-01  4.387172885E-05  4.725978237E-01 
       103  4.990133643E-01  1.752535463E-04  3.991483918E-01 
       104  4.977809787E-01  3.935630084E-04  3.530290803E-01 
       105  4.960573614E-01  6.977763260E-04  3.122340732E-01 
       106  4.938441813E-01  1.086518401E-03  2.774779619E-01 
       107  4.911436141E-01  1.557975658E-03  2.465449576E-01 
       108  4.879583716E-01  2.109980676E-03  2.183438003E-01 
       109  4.842915833E-01  2.740023192E-03  1.920899258E-01 
       110 -4.997532666E-01  3.040754469E-03 -9.299148700E-01 
       111  4.801468551E-01  3.445206443E-03  1.673061993E-01 
       112  4.755282700E-01  4.222364631E-03  1.436746014E-01 
       113  4.704403877E-01  5.067958497E-03  1.209804681E-01 
       114  4.648882449E-01  5.978226662E-03  9.907606354E-02 
       115 -4.990133643E-01  6.070753094E-03 -1.397931688E+00 
       116  4.588773251E-01  6.949116010E-03  7.786091368E-02 
       117  4.524135292E-01  7.976393215E-03  5.725366971E-02 
       118  4.455032647E-01  9.055640548E-03  3.722807791E-02 
       119 -4.977809787E-01  9.079766460E-03 -1.797878068E+00 
       120  4.381533265E-01  1.018226519E-02  1.779174842E-02 
       121  4.303710163E-01  1.135159843E-02 -1.092291569E-03 
       122 -4.960573614E-01  1.205739751E-02 -2.103583182E+00 
       123  4.221639633E-01  1.255893428E-02 -1.946125571E-02 
       124  4.135402739E-01  1.379951276E-02 -3.732375444E-02 
       125 -4.938441813E-01  1.499372721E-02 -2.304946652E+00 
       126  4.045085013E-01  1.506861579E-02 -5.468700916E-02 
       127  3.950774968E-01  1.636160910E-02 -7.155423370E-02 
       128  3.852566183E-01  1.767395809E-02 -8.792820607E-02 
       129 -4.911436141E-01  1.787918806E-02 -2.416357019E+00 
       130  3.750555217E-01  1.900131069E-02 -1.038132856E-01 
       131  3.644843102E-01  2.033948526E-02 -1.192144092E-01 
       132 -4.879583716E-01  2.070464008E-02 -2.462925153E+00 
       133  3.535533845E-01  2.168452367E-02 -1.341380008E-01 
       134  3.422735631E-01  2.303273417E-02 -1.486025170E-01 
       135 -4.842915833E-01  2.346156538E-02 -2.460991449E+00 
       136  3.306559324E-01  2.438070625E-02 -1.625780605E-01 
       137  3.187119961E-01  2.572530508E-02 -1.760634571E-01 
       138 -4.801468551E-01  2.614209428E-02 -2.425068565E+00 
       139  3.064535260E-01  2.706371248E-02 -1.891290128E-01 
       140  2.938926220E-01  2.839341387E-02 -2.018257416E-01 
       141 -4.755282700E-01  2.873895317E-02 -2.365994672E+00 
       142  2.810416818E-01  2.971220016E-02 -2.142013962E-01 
       143  2.679134011E-01  3.101815097E-02 -2.263226719E-01 
       144 -4.704403877E-01  3.124566562E-02 -2.292809341E+00 
       145  2.545207143E-01  3.230963275E-02 -2.382347415E-01 
       146  2.408768386E-01  3.358524665E-02 -2.499644669E-01 
       147 -4.648882449E-01  3.365641832E-02 -2.211732302E+00 
       148  2.269952446E-01  3.484384343E-02 -2.615602033E-01 
       149 -4.588773251E-01  3.596621007E-02 -2.126815597E+00 
       150  2.128896415E-01  3.608442843E-02 -2.730690565E-01 
       151  1.985739470E-01  3.730620444E-02 -2.845534184E-01 
       152 -4.524135292E-01  3.817079589E-02 -2.040832922E+00 
       153  1.840622723E-01  3.850845248E-02 -2.960947393E-01 
       154  1.693689674E-01  3.969053924E-02 -3.077638742E-01 
       155 -4.455032647E-01  4.026662558E-02 -1.955593891E+00 
       156  1.545085013E-01  4.085187986E-02 -3.196125559E-01 
       157  1.394955516E-01  4.199184850E-02 -3.316967630E-01 
       158 -4.381533265E-01  4.225097224E-02 -1.872235941E+00 
       159  1.243449450E-01  4.310979694E-02 -3.440724448E-01 
       160 -4.303710163E-01  4.412171990E-02 -1.791370631E+00 
       161  1.090716198E-01  4.420499131E-02 -3.567947462E-01 
       162  9.369065613E-02  4.527657107E-02 -3.699162824E-01 
       163 -4.221639633E-01  4.587746784E-02 -1.713231111E+00 
       164  7.821723074E-02  4.632353038E-02 -3.834888878E-01 
       165  6.266661733E-02  4.734471440E-02 -3.975620653E-01 
       166 -4.135402739E-01  4.751741514E-02 -1.637165287E+00 
       167  4.705415666E-02  4.833876342E-02 -4.121824720E-01 
       168 -4.045085013E-01  4.904134944E-02 -1.563639527E+00 
       169  3.139526024E-02  4.930413514E-02 -4.273952976E-01 
       170  1.570537873E-02  5.023908243E-02 -4.432443242E-01 
       171 -3.950774968E-01  5.044956878E-02 -1.493986116E+00 
       172 -1.000000000E-16  5.114166066E-02 -4.597695791E-01 
       173 -3.852566183E-01  5.174285918E-02 -1.428111552E+00 
       174 -1.570537873E-02  5.200970545E-02 -4.770130756E-01 
       175 -3.139526024E-02  5.284092203E-02 -4.950144564E-01 
       176 -3.750555217E-01  5.292233825E-02 -1.365619365E+00 
       177 -4.705415666E-02  5.363275856E-02 -5.138110225E-01 
       178 -3.644843102E-01  5.398956686E-02 -1.306157843E+00 
       179 -6.266661733E-02  5.438257381E-02 -5.334466507E-01 
       180 -3.535533845E-01  5.494642258E-02 -1.249584410E+00 
       181 -7.821723074E-02  5.508752912E-02 -5.539647916E-01 
       182 -9.369065613E-02  5.574469268E-02 -5.754083737E-01 
       183 -3.422735631E-01  5.579497665E-02 -1.195798546E+00 
       184 -1.090716198E-01  5.635106564E-02 -5.978198300E-01 
       185 -3.306559324E-01  5.653756112E-02 -1.144678423E+00 
       186 -1.243449450E-01  5.690351129E-02 -6.212459677E-01 
       187 -3.187119961E-01  5.717670545E-02 -1.096124086E+00 
       188 -1.394955516E-01  5.739885569E-02 -6.457396243E-01 
       189 -3.064535260E-01  5.771506578E-02 -1.050027775E+00 
       190 -1.545085013E-01  5.783388019E-02 -6.713611692E-01 
       191 -2.938926220E-01  5.815542489E-02 -1.006267484E+00 
       192 -1.693689674E-01  5.820536241E-02 -6.981688001E-01 
       193 -2.810416818E-01  5.850065500E-02 -9.647341811E-01 
       194 -1.840622723E-01  5.851001292E-02 -7.262231959E-01 
       195 -1.985739470E-01  5.874460936E-02 -7.555985381E-01 
       196 -2.679134011E-01  5.875374377E-02 -9.253274302E-01 
       197 -2.128896415E-01  5.890589952E-02 -7.863718729E-01 
       198 -2.545207143E-01  5.891770124E-02 -8.879759475E-01 
       199 -2.269952446E-01  5.899062380E-02 -8.186345392E-01 
       200 -2.408768386E-01  5.899561942E-02 -8.524801145E-01 
