nodenumber     x-coordinate     y-coordinate pressure-coefficient 
         1 -3.421913206E-01 -4.476024316E-02  2.139877940E-01 
         2 -3.393179408E-01 -4.475985593E-02  2.127017857E-01 
         3 -3.450435693E-01 -4.475474277E-02  2.153463350E-01 
         4 -3.364236089E-01 -4.475372646E-02  2.114932057E-01 
         5 -3.478745381E-01 -4.474323495E-02  2.167854306E-01 
         6 -3.335085335E-01 -4.474200820E-02  2.103557971E-01 
         7 -3.506840482E-01 -4.472552104E-02  2.183116790E-01 
         8 -3.305728932E-01 -4.472488145E-02  2.092795349E-01 
         9 -3.276168371E-01 -4.470245540E-02  2.082617447E-01 
        10 -3.534719208E-01 -4.470150493E-02  2.199298009E-01 
        11 -3.246405739E-01 -4.467488287E-02  2.073034851E-01 
        12 -3.562379771E-01 -4.467099962E-02  2.216511051E-01 
        13 -3.216442823E-01 -4.464232354E-02  2.063962057E-01 
        14 -3.589820681E-01 -4.463388397E-02  2.234786354E-01 
        15 -3.186281410E-01 -4.460492218E-02  2.055345187E-01 
        16 -3.617039854E-01 -4.459000281E-02  2.254206690E-01 
        17 -3.155923290E-01 -4.456281029E-02  2.047183489E-01 
        18 -3.644036096E-01 -4.453921790E-02  2.274814768E-01 
        19 -3.125370548E-01 -4.451616075E-02  2.039401566E-01 
        20 -3.670807323E-01 -4.448138802E-02  2.296674243E-01 
        21 -3.094624973E-01 -4.446507297E-02  2.031998370E-01 
        22 -3.697352343E-01 -4.441636452E-02  2.319890521E-01 
        23 -3.063688352E-01 -4.440973793E-02  2.024925204E-01 
        24 -3.032562771E-01 -4.435025456E-02  2.018137066E-01 
        25 -3.723668772E-01 -4.434399868E-02  2.344499930E-01 
        26 -3.001250020E-01 -4.428679614E-02  2.011625633E-01 
        27 -3.749755717E-01 -4.426417769E-02  2.370575233E-01 
        28 -2.969751885E-01 -4.421947524E-02  2.005332598E-01 
        29 -3.775611391E-01 -4.417674315E-02  2.398188999E-01 
        30 -2.938070751E-01 -4.414843692E-02  1.999269318E-01 
        31 -3.801234006E-01 -4.408158203E-02  2.427437867E-01 
        32 -2.906208407E-01 -4.407381828E-02  1.993379259E-01 
        33 -2.874166342E-01 -4.399573133E-02  1.987656582E-01 
        34 -3.826622073E-01 -4.397853945E-02  2.458351557E-01 
        35 -2.841947238E-01 -4.391430365E-02  1.982108028E-01 
        36 -3.851774102E-01 -4.386753138E-02  2.491023817E-01 
        37 -2.809552587E-01 -4.382969383E-02  1.976657826E-01 
        38 -3.876688605E-01 -4.374837507E-02  2.525599826E-01 
        39 -2.776984771E-01 -4.374200649E-02  1.971272752E-01 
        40 -2.744245282E-01 -4.365135728E-02  1.965974544E-01 
        41 -3.901363794E-01 -4.362098197E-02  2.562072168E-01 
        42 -2.711336802E-01 -4.355787222E-02  1.960719180E-01 
        43 -3.925798181E-01 -4.348523777E-02  2.600580040E-01 
        44 -2.678260820E-01 -4.346165288E-02  1.955504504E-01 
        45 -2.645019424E-01 -4.336283940E-02  1.950291586E-01 
        46 -3.949990276E-01 -4.334100202E-02  2.641218194E-01 
        47 -2.611614997E-01 -4.326152168E-02  1.945058734E-01 
        48 -3.973938887E-01 -4.318818385E-02  2.684048125E-01 
        49 -2.578049328E-01 -4.315780759E-02  1.939825218E-01 
        50 -2.544324801E-01 -4.305180127E-02  1.934560218E-01 
        51 -3.997642230E-01 -4.302667265E-02  2.729169053E-01 
        52 -2.510442906E-01 -4.294360005E-02  1.929259320E-01 
        53 -4.021099112E-01 -4.285634962E-02  2.776683460E-01 
        54 -2.476406326E-01 -4.283332221E-02  1.923885880E-01 
        55 -2.442216849E-01 -4.272104985E-02  1.918426324E-01 
        56 -4.044307747E-01 -4.267711043E-02  2.826676315E-01 
        57 -2.407876710E-01 -4.260687217E-02  1.912896602E-01 
        58 -2.373387846E-01 -4.249087138E-02  1.907284747E-01 
        59 -4.067266945E-01 -4.248887616E-02  2.879199214E-01 
        60 -2.338752643E-01 -4.237314043E-02  1.901576845E-01 
        61 -4.089975216E-01 -4.229155457E-02  2.934406818E-01 
        62 -2.303973037E-01 -4.225376439E-02  1.895750121E-01 
        63 -2.269051263E-01 -4.213280695E-02  1.889811792E-01 
        64 -4.112431073E-01 -4.208502410E-02  2.992418329E-01 
        65 -2.233989557E-01 -4.201034684E-02  1.883775070E-01 
        66 -2.198789857E-01 -4.188647895E-02  1.877579224E-01 
        67 -4.134633027E-01 -4.186922336E-02  3.053301781E-01 
        68 -2.163454546E-01 -4.176122834E-02  1.871270661E-01 
        69 -4.156580186E-01 -4.164406770E-02  3.117162583E-01 
        70 -2.127985562E-01 -4.163471788E-02  1.864807655E-01 
        71 -2.092385438E-01 -4.150693281E-02  1.858219944E-01 
        72 -4.178271062E-01 -4.140949001E-02  3.184054669E-01 
        73 -2.056656112E-01 -4.137800061E-02  1.851518017E-01 
        74 -2.020799819E-01 -4.124794078E-02  1.844633527E-01 
        75 -4.199703868E-01 -4.116542733E-02  3.254151933E-01 
        76 -1.984818795E-01 -4.111680525E-02  1.837631609E-01 
        77 -1.948715274E-01 -4.098463950E-02  1.830499214E-01 
        78 -4.220877715E-01 -4.091176968E-02  3.327553554E-01 
        79 -1.912491492E-01 -4.085151632E-02  1.823203556E-01 
        80 -1.876149684E-01 -4.071744400E-02  1.815754330E-01 
        81 -4.241791112E-01 -4.064849577E-02  3.404350165E-01 
        82 -1.839692086E-01 -4.058246400E-02  1.808196118E-01 
        83 -1.803120934E-01 -4.044663496E-02  1.800481362E-01 
        84 -4.262442872E-01 -4.037552261E-02  3.484631403E-01 
        85 -1.766438610E-01 -4.030997907E-02  1.792603763E-01 
        86 -1.729647054E-01 -4.017251193E-02  1.784605054E-01 
        87 -4.282831802E-01 -4.009283317E-02  3.568478717E-01 
        88 -1.692748947E-01 -4.003427735E-02  1.776470730E-01 
        89 -1.655746226E-01 -3.989528333E-02  1.768201442E-01 
        90 -4.302956420E-01 -3.980035212E-02  3.656027401E-01 
        91 -1.618641276E-01 -3.975555946E-02  1.759815276E-01 
        92 -1.581436482E-01 -3.961512735E-02  1.751289235E-01 
        93 -4.322815532E-01 -3.949805179E-02  3.747318030E-01 
        94 -1.544134078E-01 -3.947398107E-02  1.742663388E-01 
        95 -1.506736301E-01 -3.933217087E-02  1.733912615E-01 
        96 -1.469245533E-01 -3.918967552E-02  1.725038788E-01 
        97 -4.342408250E-01 -3.918589203E-02  3.842458310E-01 
        98 -1.431664160E-01 -3.904651683E-02  1.716076610E-01 
        99 -1.393994269E-01 -3.890269525E-02  1.707011568E-01 
       100 -4.361732789E-01 -3.886384364E-02  3.941498093E-01 
       101 -1.356238392E-01 -3.875822847E-02  1.697845978E-01 
       102 -1.318398764E-01 -3.861309822E-02  1.688590380E-01 
       103 -4.380788257E-01 -3.853189829E-02  4.044515764E-01 
       104 -1.280477771E-01 -3.846730155E-02  1.679284102E-01 
       105 -1.242477796E-01 -3.832086313E-02  1.669888580E-01 
       106 -4.399573765E-01 -3.819001314E-02  4.151595673E-01 
       107 -1.204401001E-01 -3.817375444E-02  1.660424417E-01 
       108 -1.166249919E-01 -3.802599605E-02  1.650893874E-01 
       109 -1.128026859E-01 -3.787754163E-02  1.641321418E-01 
       110 -4.418087826E-01 -3.783820176E-02  4.262792062E-01 
       111 -1.089734057E-01 -3.772842315E-02  1.631712605E-01 
       112 -1.051374046E-01 -3.757861495E-02  1.622040378E-01 
       113 -4.436329254E-01 -3.747643640E-02  4.378173791E-01 
       114 -1.012949062E-01 -3.742810563E-02  1.612348176E-01 
       115 -9.744615639E-02 -3.727687685E-02  1.602638445E-01 
       116 -9.359138608E-02 -3.712492155E-02  1.592925928E-01 
       117 -4.454297157E-01 -3.710471979E-02  4.497787576E-01 
       118 -8.973084124E-02 -3.697224564E-02  1.583180625E-01 
       119 -8.586475278E-02 -3.681879859E-02  1.573441926E-01 
       120 -4.471990349E-01 -3.672307074E-02  4.621902396E-01 
       121 -8.199335918E-02 -3.666459090E-02  1.563731302E-01 
       122 -7.811689888E-02 -3.650960699E-02  1.554010801E-01 
       123 -7.423561773E-02 -3.635380722E-02  1.544333997E-01 
       124 -4.489407641E-01 -3.633150487E-02  4.750903483E-01 
       125 -7.034975419E-02 -3.619720190E-02  1.534694317E-01 
       126 -6.645953923E-02 -3.603976905E-02  1.525077407E-01 
       127 -4.506547851E-01 -3.593001978E-02  4.884742228E-01 
       128 -6.256521879E-02 -3.588150017E-02  1.515495279E-01 
       129 -5.866703123E-02 -3.572234834E-02  1.505984559E-01 
       130 -5.476522249E-02 -3.556232379E-02  1.496548065E-01 
       131 -4.523410384E-01 -3.551865110E-02  5.023266933E-01 
       132 -5.086002723E-02 -3.540140121E-02  1.487171115E-01 
       133 -4.695168767E-02 -3.523958313E-02  1.477858877E-01 
       134 -4.539993759E-01 -3.509741967E-02  5.166469105E-01 
       135 -4.304044594E-02 -3.507682956E-02  1.468625344E-01 
       136 -3.912654418E-02 -3.491313686E-02  1.459499263E-01 
       137 -3.521022086E-02 -3.474850414E-02  1.450445330E-01 
       138 -4.556297384E-01 -3.466636167E-02  5.314287942E-01 
       139 -3.129171813E-02 -3.458289875E-02  1.441492550E-01 
       140 -2.737128002E-02 -3.441631989E-02  1.432653016E-01 
       141 -2.344914681E-02 -3.424873855E-02  1.423932592E-01 
       142 -4.572319775E-01 -3.422553736E-02  5.466691116E-01 
       143 -1.952556066E-02 -3.408015461E-02  1.415343709E-01 
       144 -1.560076185E-02 -3.391056464E-02  1.406874228E-01 
       145 -4.588060346E-01 -3.377498095E-02  5.623626642E-01 
       146 -1.167499636E-02 -3.373997430E-02  1.398500507E-01 
       147 -7.748504338E-03 -3.356832716E-02  1.390290607E-01 
       148 -3.821527164E-03 -3.339567942E-02  1.382212542E-01 
       149 -4.603517911E-01 -3.331475586E-02  5.785034579E-01 
       150  1.056921908E-04 -3.322196683E-02  1.374267590E-01 
       151  4.032911505E-03 -3.304722522E-02  1.366497769E-01 
       152  7.959888624E-03 -3.287143988E-02  1.358850601E-01 
       153 -4.618691287E-01 -3.284491893E-02  5.950825905E-01 
       154  1.188638048E-02 -3.269460387E-02  1.351369727E-01 
       155  1.581214583E-02 -3.251672795E-02  1.344040741E-01 
       156 -4.633580183E-01 -3.236552551E-02  6.120870519E-01 
       157  1.973694436E-02 -3.233780848E-02  1.336860381E-01 
       158  2.366053023E-02 -3.215784577E-02  1.329844359E-01 
       159  2.758266310E-02 -3.197685077E-02  1.322986350E-01 
       160 -4.648183417E-01 -3.187665824E-02  6.295006041E-01 
       161  3.150310083E-02 -3.179482723E-02  1.316284264E-01 
       162  3.542160312E-02 -3.161177894E-02  1.309747600E-01 
       163  3.933792596E-02 -3.142771371E-02  1.303381973E-01 
       164 -4.662499806E-01 -3.137841046E-02  6.473029644E-01 
       165  4.325182717E-02 -3.124265153E-02  1.297174507E-01 
       166  4.716306834E-02 -3.105659470E-02  1.291129294E-01 
       167 -4.676529064E-01 -3.087084251E-02  6.654736718E-01 
       168  5.107140729E-02 -3.086956170E-02  1.285252745E-01 
       169  5.497660187E-02 -3.068156571E-02  1.279537728E-01 
       170  5.887840992E-02 -3.049262521E-02  1.273984584E-01 
       171 -4.690269712E-01 -3.035405745E-02  6.839846355E-01 
       172  6.277659674E-02 -3.030275348E-02  1.268593518E-01 
       173  6.667091644E-02 -3.011197294E-02  1.263365665E-01 
       174  7.056113058E-02 -2.992030746E-02  1.258288540E-01 
       175 -4.703721163E-01 -2.982815338E-02  7.028008836E-01 
       176  7.444699329E-02 -2.972777059E-02  1.253370110E-01 
       177  7.832827357E-02 -2.953439189E-02  1.248608997E-01 
       178  8.220473300E-02 -2.934019372E-02  1.243993055E-01 
       179 -4.716882535E-01 -2.929324258E-02  7.218848165E-01 
       180  8.607612570E-02 -2.914519874E-02  1.239529486E-01 
       181  8.994221322E-02 -2.894944028E-02  1.235209025E-01 
       182  9.380275713E-02 -2.875294431E-02  1.231021052E-01 
       183 -4.729753251E-01 -2.874941015E-02  7.411923800E-01 
       184  9.765752648E-02 -2.855573371E-02  1.226976315E-01 
       185  1.015062753E-01 -2.835784882E-02  1.223060586E-01 
       186 -4.742332424E-01 -2.819678730E-02  7.606706913E-01 
       187  1.053487727E-01 -2.815930880E-02  1.219270830E-01 
       188  1.091847728E-01 -2.796015104E-02  1.215614049E-01 
       189  1.130140520E-01 -2.776041577E-02  1.212061337E-01 
       190 -4.754619475E-01 -2.763548668E-02  7.802596686E-01 
       191  1.168363570E-01 -2.756012072E-02  1.208628089E-01 
       192  1.206514643E-01 -2.735931367E-02  1.205309789E-01 
       193  1.244591428E-01 -2.715802099E-02  1.202089815E-01 
       194 -4.766613228E-01 -2.706565913E-02  7.998921061E-01 
       195  1.282591393E-01 -2.695627988E-02  1.198975594E-01 
       196  1.320512377E-01 -2.675412400E-02  1.195955737E-01 
       197  1.358351995E-01 -2.655159243E-02  1.193022441E-01 
       198 -4.778313108E-01 -2.648741211E-02  8.194914476E-01 
       199  1.396107862E-01 -2.634872233E-02  1.190165289E-01 
       200  1.433777745E-01 -2.614554723E-02  1.187381057E-01 
       201  1.471359109E-01 -2.594210273E-02  1.184668197E-01 
       202 -4.789718529E-01 -2.590089843E-02  8.389687876E-01 
       203  1.508849867E-01 -2.573842785E-02  1.182016884E-01 
       204  1.546247637E-01 -2.553455960E-02  1.179415222E-01 
       205  1.583550032E-01 -2.533052816E-02  1.176867762E-01 
       206 -4.800828918E-01 -2.530624990E-02  8.582268825E-01 
       207  1.620754819E-01 -2.512637430E-02  1.174366407E-01 
       208  1.657859761E-01 -2.492213175E-02  1.171900187E-01 
       209  1.694862475E-01 -2.471784114E-02  1.169460410E-01 
       210 -4.811643105E-01 -2.470363248E-02  8.771541646E-01 
       211  1.731760575E-01 -2.451353254E-02  1.167042515E-01 
       212  1.768552126E-01 -2.430924128E-02  1.164644664E-01 
       213  1.805234443E-01 -2.410500439E-02  1.162253959E-01 
       214 -4.822161106E-01 -2.409317541E-02  8.956268005E-01 
       215  1.841805590E-01 -2.390084823E-02  1.159873173E-01 
       216  1.878263183E-01 -2.369680996E-02  1.157497138E-01 
       217  1.914604986E-01 -2.349292282E-02  1.155111040E-01 
       218 -4.832382051E-01 -2.347505056E-02  9.135062963E-01 
       219  1.950828764E-01 -2.328921127E-02  1.152717235E-01 
       220  1.986932282E-01 -2.308570711E-02  1.150315134E-01 
       221  2.022913304E-01 -2.288244530E-02  1.147886164E-01 
       222 -4.842305073E-01 -2.284942761E-02  9.306382204E-01 
       223  2.058769594E-01 -2.267944831E-02  1.145428214E-01 
       224  2.094498918E-01 -2.247674224E-02  1.142944496E-01 
       225  2.130099041E-01 -2.227435335E-02  1.140429327E-01 
       226 -4.851929891E-01 -2.221647433E-02  9.468500816E-01 
       227  2.165568024E-01 -2.207231075E-02  1.137867528E-01 
       228  2.200903335E-01 -2.187062818E-02  1.135266275E-01 
       229  2.236103036E-01 -2.166933484E-02  1.132623547E-01 
       230 -4.861255642E-01 -2.157638124E-02  9.619498105E-01 
       231  2.271164743E-01 -2.146844585E-02  1.129929234E-01 
       232  2.306086518E-01 -2.126797985E-02  1.127189342E-01 
       233  2.340866126E-01 -2.106795725E-02  1.124393146E-01 
       234 -4.870282057E-01 -2.092929697E-02  9.757193057E-01 
       235  2.375501332E-01 -2.086839636E-02  1.121533154E-01 
       236  2.409990199E-01 -2.066930492E-02  1.118614624E-01 
       237  2.444330342E-01 -2.047070139E-02  1.115637524E-01 
       238 -4.879008561E-01 -2.027542248E-02  9.879164679E-01 
       239  2.478519823E-01 -2.027259667E-02  1.112591840E-01 
       240  2.512556408E-01 -2.007499657E-02  1.109485895E-01 
       241  2.546438308E-01 -1.987791022E-02  1.106319477E-01 
       242  2.580162840E-01 -1.968134703E-02  1.103089218E-01 
       243 -4.887434594E-01 -1.961493861E-02  9.982676514E-01 
       244  2.613728515E-01 -1.948531226E-02  1.099792201E-01 
       245  2.647132948E-01 -1.928980802E-02  1.096432190E-01 
       246  2.680374351E-01 -1.909483935E-02  1.093007717E-01 
       247 -4.895559881E-01 -1.894803112E-02  1.006460343E+00 
       248  2.713450339E-01 -1.890040125E-02  1.089526849E-01 
       249  2.746358826E-01 -1.870650241E-02  1.085988996E-01 
       250  2.779098321E-01 -1.851313177E-02  1.082390135E-01 
       251  2.811666143E-01 -1.832028945E-02  1.078746433E-01 
       252 -4.903383266E-01 -1.827495241E-02  1.012148450E+00 
       253  2.844060801E-01 -1.812797120E-02  1.075049518E-01 
       254  2.876279911E-01 -1.793616641E-02  1.071310786E-01 
       255  2.908321982E-01 -1.774487267E-02  1.067531215E-01 
       256 -4.910905080E-01 -1.759582932E-02  1.014933693E+00 
       257  2.940184332E-01 -1.755408259E-02  1.063708283E-01 
       258  2.971865470E-01 -1.736378288E-02  1.059854326E-01 
       259  3.003363609E-01 -1.717395718E-02  1.055981052E-01 
       260  3.034676364E-01 -1.698460301E-02  1.052084640E-01 
       261 -4.918124753E-01 -1.691088444E-02  1.014337678E+00 
       262  3.065801946E-01 -1.679570036E-02  1.048177189E-01 
       263  3.096738567E-01 -1.660724093E-02  1.044268740E-01 
       264  3.127484142E-01 -1.641919965E-02  1.040374395E-01 
       265  3.158036881E-01 -1.623157363E-02  1.036495845E-01 
       266 -4.925041426E-01 -1.622036714E-02  1.010004539E+00 
       267  3.188394997E-01 -1.604433721E-02  1.032632552E-01 
       268  3.218556402E-01 -1.585747715E-02  1.028807453E-01 
       269  3.248519309E-01 -1.567097478E-02  1.025020468E-01 
       270 -4.931655133E-01 -1.552444045E-02  1.001632808E+00 
       271  3.278281930E-01 -1.548481135E-02  1.021284080E-01 
       272  3.307842475E-01 -1.529896646E-02  1.017611628E-01 
       273  3.337198859E-01 -1.511342501E-02  1.014013542E-01 
       274  3.366349592E-01 -1.492816446E-02  1.010498323E-01 
       275 -4.937965300E-01 -1.482335360E-02  9.888220750E-01 
       276  3.395292884E-01 -1.474316209E-02  1.007089054E-01 
       277  3.424026650E-01 -1.455840969E-02  1.003786347E-01 
       278  3.452549102E-01 -1.437388221E-02  1.000599438E-01 
       279  3.480858748E-01 -1.418955681E-02  9.975621816E-02 
       280 -4.943971370E-01 -1.411734301E-02  9.711778389E-01 
       281  3.508953802E-01 -1.400542237E-02  9.946725302E-02 
       282  3.536832473E-01 -1.382145169E-02  9.919542146E-02 
       283  3.564492975E-01 -1.363763399E-02  9.894271493E-02 
       284  3.591933817E-01 -1.345394714E-02  9.870975061E-02 
       285 -4.949673667E-01 -1.340654679E-02  9.482956936E-01 
       286  3.619152912E-01 -1.327037880E-02  9.849810325E-02 
       287  3.646149068E-01 -1.308690766E-02  9.830713944E-02 
       288  3.672920200E-01 -1.290352255E-02  9.813757058E-02 
       289  3.699465114E-01 -1.272020764E-02  9.799265351E-02 
       290 -4.955071316E-01 -1.269126444E-02  9.197831199E-01 
       291  3.725781426E-01 -1.253695678E-02  9.787605393E-02 
       292  3.751868242E-01 -1.235374486E-02  9.779205767E-02 
       293  3.777723774E-01 -1.217057274E-02  9.774097150E-02 
       294  3.803346233E-01 -1.198742462E-02  9.772413710E-02 
       295 -4.960164050E-01 -1.197170843E-02  8.852404334E-01 
       296  3.828734129E-01 -1.180430097E-02  9.774267016E-02 
       297  3.853885973E-01 -1.162118026E-02  9.779939481E-02 
       298  3.878800273E-01 -1.143807317E-02  9.789518767E-02 
       299  3.903475241E-01 -1.125496918E-02  9.803047650E-02 
       300 -4.964951581E-01 -1.124811380E-02  8.442586460E-01 
       301  3.927909387E-01 -1.107186913E-02  9.820940757E-02 
       302  3.952101221E-01 -1.088877393E-02  9.843230037E-02 
       303  3.976049550E-01 -1.070568339E-02  9.870119358E-02 
       304  3.999752587E-01 -1.052260086E-02  9.901871358E-02 
       305 -4.969433925E-01 -1.052066739E-02  7.964419406E-01 
       306  4.023209139E-01 -1.033953640E-02  9.938626621E-02 
       307  4.046417417E-01 -1.015650263E-02  9.980455145E-02 
       308  4.069376230E-01 -9.973502516E-03  1.002768788E-01 
       309  4.092084087E-01 -9.790547195E-03  1.008069122E-01 
       310 -4.973610491E-01 -9.789654163E-03  7.414303086E-01 
       311  4.114539498E-01 -9.607662869E-03  1.013945251E-01 
       312  4.136740973E-01 -9.424864401E-03  1.020408045E-01 
       313  4.158687618E-01 -9.242163468E-03  1.027502389E-01 
       314  4.180377941E-01 -9.059585663E-03  1.035241164E-01 
       315 -4.977480982E-01 -9.055319584E-03  6.789109564E-01 
       316  4.201810156E-01 -8.877154633E-03  1.043651743E-01 
       317  4.222983368E-01 -8.694906057E-03  1.052732474E-01 
       318  4.243896087E-01 -8.512860040E-03  1.062507897E-01 
       319  4.264547120E-01 -8.331056330E-03  1.073003217E-01 
       320 -4.981045388E-01 -8.317860224E-03  6.086229154E-01 
       321  4.284935275E-01 -8.149519457E-03  1.084235814E-01 
       322  4.305059063E-01 -7.968295651E-03  1.096237056E-01 
       323  4.324917290E-01 -7.787424295E-03  1.109000666E-01 
       324  4.344509064E-01 -7.606935862E-03  1.122574030E-01 
       325 -4.984303395E-01 -7.577528466E-03  5.303858501E-01 
       326  4.363832596E-01 -7.426890879E-03  1.136957870E-01 
       327  4.382886991E-01 -7.247324861E-03  1.152166654E-01 
       328  4.401671355E-01 -7.068288053E-03  1.168233173E-01 
       329  4.420184199E-01 -6.889831611E-03  1.185168422E-01 
       330 -4.987254975E-01 -6.834516306E-03  4.440981902E-01 
       331  4.438424331E-01 -6.712015957E-03  1.202990568E-01 
       332  4.456390854E-01 -6.534896805E-03  1.221696954E-01 
       333  4.474082579E-01 -6.358521469E-03  1.241337275E-01 
       334  4.491498314E-01 -6.182954058E-03  1.261946647E-01 
       335 -4.989899495E-01 -6.089169966E-03  3.497845398E-01 
       336  4.508636865E-01 -6.008267593E-03  1.283499838E-01 
       337  4.525497638E-01 -5.834518109E-03  1.306015541E-01 
       338  4.542079140E-01 -5.661778129E-03  1.329522147E-01 
       339  4.558380778E-01 -5.490105987E-03  1.354047077E-01 
       340 -4.992236904E-01 -5.341701997E-03  2.475790326E-01 
       341  4.574401061E-01 -5.319581494E-03  1.379608719E-01 
       342  4.590139392E-01 -5.150272231E-03  1.406211533E-01 
       343  4.605594580E-01 -4.982253550E-03  1.433882113E-01 
       344  4.620765433E-01 -4.815605157E-03  1.462635800E-01 
       345  4.635651652E-01 -4.650397481E-03  1.492487163E-01 
       346 -4.994267144E-01 -4.592309531E-03  1.377364495E-01 
       347  4.650252046E-01 -4.486707762E-03  1.523466716E-01 
       348  4.664565423E-01 -4.324618014E-03  1.555602368E-01 
       349  4.678591486E-01 -4.164205421E-03  1.588905527E-01 
       350  4.692328743E-01 -4.005563116E-03  1.623379064E-01 
       351  4.705776598E-01 -3.848768667E-03  1.659042160E-01 
       352 -4.995989847E-01 -3.841306019E-03  2.067658906E-02 
       353  4.718934159E-01 -3.693899408E-03  1.695953798E-01 
       354  4.731800829E-01 -3.541047290E-03  1.734115156E-01 
       355  4.744375714E-01 -3.390290719E-03  1.773550484E-01 
       356  4.756658217E-01 -3.241716839E-03  1.814294418E-01 
       357  4.768647151E-01 -3.095405501E-03  1.856400030E-01 
       358 -4.997404930E-01 -3.088908634E-03 -1.030235585E-01 
       359  4.780341913E-01 -2.951459251E-03  1.899866378E-01 
       360  4.791741911E-01 -2.809949373E-03  1.944710657E-01 
       361  4.802846551E-01 -2.670960396E-03  1.991028568E-01 
       362  4.813654637E-01 -2.534590755E-03  2.038816659E-01 
       363  4.824166171E-01 -2.400915787E-03  2.088105603E-01 
       364 -4.998512306E-01 -2.335295601E-03 -2.326842360E-01 
       365  4.834380261E-01 -2.270016435E-03  2.138989762E-01 
       366  4.844296008E-01 -2.141992972E-03  2.191480771E-01 
       367  4.853913119E-01 -2.016909247E-03  2.245653883E-01 
       368  4.863230700E-01 -1.894856374E-03  2.301620003E-01 
       369  4.872248448E-01 -1.775919513E-03  2.359376221E-01 
       370  4.880965775E-01 -1.660168623E-03  2.419045435E-01 
       371 -4.999311574E-01 -1.580889534E-03 -3.672562551E-01 
       372  4.889382078E-01 -1.547694616E-03  2.480707684E-01 
       373  4.897497063E-01 -1.438561964E-03  2.544458434E-01 
       374  4.905309539E-01 -1.332858082E-03  2.610455325E-01 
       375  4.912819799E-01 -1.230653693E-03  2.678771160E-01 
       376  4.920027254E-01 -1.132011737E-03  2.749597037E-01 
       377  4.926931006E-01 -1.037019350E-03  2.823101315E-01 
       378  4.933531054E-01 -9.457368603E-04  2.899440995E-01 
       379  4.939826804E-01 -8.582268741E-04  2.978906627E-01 
       380 -4.999802934E-01 -8.253881227E-04 -5.060450331E-01 
       381  4.945817664E-01 -7.745591948E-04  3.061775298E-01 
       382  4.951503921E-01 -6.947905998E-04  3.148314875E-01 
       383  4.956884696E-01 -6.189773034E-04  3.238959468E-01 
       384  4.961959683E-01 -5.471901225E-04  3.334125217E-01 
       385  4.966728581E-01 -4.794772004E-04  3.434309877E-01 
       386  4.971191393E-01 -4.158791296E-04  3.540293422E-01 
       387  4.975347530E-01 -3.564531836E-04  3.652889320E-01 
       388  4.979196680E-01 -3.012477352E-04  3.773094783E-01 
       389  4.982738863E-01 -2.502989464E-04  3.902278306E-01 
       390  4.985973754E-01 -2.036492965E-04  4.042179097E-01 
       391  4.988901379E-01 -1.613245656E-04  4.194964849E-01 
       392  4.991521124E-01 -1.233685665E-04  4.363990272E-01 
       393  4.993833005E-01 -8.980940610E-05  4.546786803E-01 
       394 -4.999985667E-01 -7.025296904E-05 -6.470683434E-01 
       395  4.995837020E-01 -6.067909613E-05  4.784280255E-01 
       396  4.996826563E-01 -4.625563033E-05  4.940495978E-01 
       397  4.997900143E-01 -3.060725759E-05  5.172871989E-01 
       398  4.998810392E-01 -1.733957695E-05  5.495425083E-01 
       399  4.999434263E-01 -8.246107503E-06  5.862406645E-01 
       400  4.999802091E-01 -2.884693160E-06  6.253957060E-01 
       401  5.000000000E-01  0.000000000E+00  6.381363995E-01 
       402  4.999803087E-01  3.500561076E-06  6.240009436E-01 
       403  4.999319247E-01  1.210189031E-05  5.763597639E-01 
       404  4.998370924E-01  2.896045735E-05  5.311207840E-01 
       405  4.997129410E-01  5.103111660E-05  5.007267110E-01 
       406  4.996144847E-01  6.853392199E-05  4.838467651E-01 
       407  4.994448978E-01  9.864831418E-05  4.611160307E-01 
       408  4.992444932E-01  1.342315076E-04  4.428474832E-01 
       409  4.990133007E-01  1.752648288E-04  4.258984211E-01 
       410  4.987513203E-01  2.217284250E-04  4.103535336E-01 
       411  4.984585519E-01  2.736223153E-04  3.959479864E-01 
       412  4.981350553E-01  3.309029883E-04  3.825047289E-01 
       413  4.977808303E-01  3.935892393E-04  3.698619589E-01 
       414  4.973959068E-01  4.616350986E-04  3.579127959E-01 
       415  4.969802849E-01  5.350463126E-04  3.465496822E-01 
       416  4.965339942E-01  6.137851659E-04  3.357111568E-01 
       417 -4.999860149E-01  6.900516525E-04 -7.904370292E-01 
       418  4.960570944E-01  6.978233136E-04  3.253283698E-01 
       419  4.955495856E-01  7.871522530E-04  3.153340803E-01 
       420  4.950114974E-01  8.817517070E-04  3.056979530E-01 
       421  4.944428598E-01  9.815689655E-04  2.963865360E-01 
       422  4.938437621E-01  1.086591777E-03  2.873593474E-01 
       423  4.932141745E-01  1.196786095E-03  2.786007657E-01 
       424  4.925541567E-01  1.312116533E-03  2.700818161E-01 
       425  4.918637682E-01  1.432557236E-03  2.617749773E-01 
       426 -4.999425695E-01  1.451052329E-03 -9.346933392E-01 
       427  4.911430090E-01  1.558080832E-03  2.536709095E-01 
       428  4.903919686E-01  1.688628202E-03  2.457520520E-01 
       429  4.896107065E-01  1.824180107E-03  2.379996753E-01 
       430  4.887991931E-01  1.964695692E-03  2.304118777E-01 
       431  4.879575473E-01  2.110122811E-03  2.229692893E-01 
       432 -4.998682863E-01  2.211368846E-03 -1.077191111E+00 
       433  4.870857992E-01  2.260438961E-03  2.156651770E-01 
       434  4.861840083E-01  2.415580609E-03  2.084920064E-01 
       435  4.852522341E-01  2.575521873E-03  2.014360222E-01 
       436  4.842905066E-01  2.740207110E-03  1.945010761E-01 
       437  4.832989150E-01  2.909579769E-03  1.876696681E-01 
       438 -4.997631228E-01  2.971393689E-03 -1.216244046E+00 
       439  4.822774893E-01  3.083621164E-03  1.809353176E-01 
       440  4.812263188E-01  3.262253568E-03  1.743042762E-01 
       441  4.801454929E-01  3.445436675E-03  1.677687553E-01 
       442  4.790350117E-01  3.633128796E-03  1.613235169E-01 
       443 -4.996270981E-01  3.730788423E-03 -1.351504131E+00 
       444  4.778949944E-01  3.825259618E-03  1.549664073E-01 
       445  4.767255005E-01  4.021776308E-03  1.486846844E-01 
       446  4.755265897E-01  4.222645268E-03  1.424787080E-01 
       447  4.742983216E-01  4.427782738E-03  1.363493658E-01 
       448 -4.994602020E-01  4.489455456E-03 -1.482585558E+00 
       449  4.730408153E-01  4.637143966E-03  1.302900697E-01 
       450  4.717541306E-01  4.850663322E-03  1.242975396E-01 
       451  4.704383568E-01  5.068293254E-03  1.183697254E-01 
       452 -4.992624254E-01  5.247259295E-03 -1.608197677E+00 
       453  4.690935536E-01  5.289958366E-03  1.125074865E-01 
       454  4.677198102E-01  5.515610201E-03  1.067029939E-01 
       455  4.663171865E-01  5.745189607E-03  1.009556873E-01 
       456  4.648858313E-01  5.978618806E-03  9.526599951E-02 
       457 -4.990337899E-01  6.003963713E-03 -1.727658406E+00 
       458  4.634257744E-01  6.215836804E-03  8.963429741E-02 
       459  4.619371352E-01  6.456775616E-03  8.405690298E-02 
       460  4.604200328E-01  6.701372817E-03  7.853123606E-02 
       461 -4.987742885E-01  6.759447884E-03 -1.840611529E+00 
       462  4.588744970E-01  6.949568331E-03  7.305861637E-02 
       463  4.573006470E-01  7.201288586E-03  6.763776424E-02 
       464  4.556986021E-01  7.456464645E-03  6.226615712E-02 
       465 -4.984839159E-01  7.513574388E-03 -1.946622679E+00 
       466  4.540684218E-01  7.715031308E-03  5.694471916E-02 
       467  4.524102553E-01  7.976908030E-03  5.167028265E-02 
       468  4.507241620E-01  8.242040760E-03  4.644095315E-02 
       469 -4.981627269E-01  8.266071331E-03 -2.045288715E+00 
       470  4.490102910E-01  8.510346628E-03  4.125414278E-02 
       471  4.472687019E-01  8.781769698E-03  3.610914326E-02 
       472 -4.978107186E-01  9.016819285E-03 -2.136427979E+00 
       473  4.454995140E-01  9.056219657E-03  3.101185514E-02 
       474  4.437028464E-01  9.333622957E-03  2.595743042E-02 
       475  4.418788184E-01  9.613922739E-03  2.094094224E-02 
       476 -4.974279186E-01  9.765640094E-03 -2.220027023E+00 
       477  4.400275194E-01  9.897046338E-03  1.596510772E-02 
       478  4.381490685E-01  1.018290995E-02  1.103017526E-02 
       479  4.362436149E-01  1.047143813E-02  6.137122765E-03 
       480 -4.970143259E-01  1.051240875E-02 -2.296123341E+00 
       481  4.343112479E-01  1.076255919E-02  1.281200615E-03 
       482  4.323520570E-01  1.105621808E-02 -3.535681467E-03 
       483 -4.965699703E-01  1.125695195E-02 -2.364789113E+00 
       484  4.303662210E-01  1.135230967E-02 -8.311742184E-03 
       485  4.283538292E-01  1.165078452E-02 -1.305369737E-02 
       486  4.263150009E-01  1.195156345E-02 -1.775507095E-02 
       487 -4.960949121E-01  1.199905505E-02 -2.426157729E+00 
       488  4.242498852E-01  1.225455804E-02 -2.241927189E-02 
       489  4.221586012E-01  1.255971233E-02 -2.704549556E-02 
       490 -4.955891526E-01  1.273860630E-02 -2.480439919E+00 
       491  4.200412682E-01  1.286693700E-02 -3.163472903E-02 
       492  4.178980351E-01  1.317617512E-02 -3.618867729E-02 
       493 -4.950527241E-01  1.347543895E-02 -2.527880006E+00 
       494  4.157289915E-01  1.348733921E-02 -4.070350707E-02 
       495  4.135343160E-01  1.380035753E-02 -4.518200744E-02 
       496  4.113141578E-01  1.411515186E-02 -4.962155135E-02 
       497 -4.944856580E-01  1.420941289E-02 -2.568793599E+00 
       498  4.090686063E-01  1.443165795E-02 -5.402801065E-02 
       499  4.067978105E-01  1.474981517E-02 -5.840025383E-02 
       500 -4.938880474E-01  1.494029852E-02 -2.603520365E+00 
       501  4.045019193E-01  1.506952673E-02 -6.273306890E-02 
       502  4.021810819E-01  1.539072558E-02 -6.703036363E-02 
       503 -4.932598651E-01  1.566803067E-02 -2.632352290E+00 
       504  3.998354174E-01  1.571335208E-02 -7.129448883E-02 
       505  3.974651047E-01  1.603733077E-02 -7.552393672E-02 
       506  3.950702629E-01  1.636258529E-02 -7.971773523E-02 
       507 -4.926011741E-01  1.639243793E-02 -2.655691274E+00 
       508  3.926510710E-01  1.668904488E-02 -8.387695786E-02 
       509  3.902076481E-01  1.701664619E-02 -8.800402604E-02 
       510 -4.919120379E-01  1.711334423E-02 -2.673975578E+00 
       511  3.877401433E-01  1.734532397E-02 -9.209615229E-02 
       512  3.852487055E-01  1.767499825E-02 -9.615309267E-02 
       513 -4.911924595E-01  1.783065496E-02 -2.687568690E+00 
       514  3.827335136E-01  1.800562228E-02 -1.001693027E-01 
       515  3.801947167E-01  1.833709938E-02 -1.041461668E-01 
       516 -4.904425319E-01  1.854418531E-02 -2.696836840E+00 
       517  3.776324637E-01  1.866939028E-02 -1.080872131E-01 
       518  3.750469036E-01  1.900241316E-02 -1.119940738E-01 
       519 -4.896623186E-01  1.925377718E-02 -2.702121919E+00 
       520  3.724382154E-01  1.933612130E-02 -1.158684288E-01 
       521  3.698065778E-01  1.967042727E-02 -1.197075060E-01 
       522 -4.888517925E-01  1.995937776E-02 -2.703775432E+00 
       523  3.671520802E-01  2.000529377E-02 -1.235165600E-01 
       524  3.644749611E-01  2.034064814E-02 -1.272933997E-01 
       525 -4.880110769E-01  2.066078530E-02 -2.702146639E+00 
       526  3.617753396E-01  2.067643079E-02 -1.310381965E-01 
       527  3.590534245E-01  2.101257838E-02 -1.347513320E-01 
       528  3.563093349E-01  2.134903689E-02 -1.384314576E-01 
       529 -4.871402047E-01  2.135788133E-02 -2.697497881E+00 
       530  3.535432795E-01  2.168574489E-02 -1.420823092E-01 
       531  3.507554073E-01  2.202265759E-02 -1.457014471E-01 
       532 -4.862392378E-01  2.205055222E-02 -2.690175218E+00 
       533  3.479458970E-01  2.235970245E-02 -1.492901664E-01 
       534  3.451149277E-01  2.269684396E-02 -1.528498902E-01 
       535 -4.853082404E-01  2.273863914E-02 -2.680432626E+00 
       536  3.422626780E-01  2.303401145E-02 -1.563779276E-01 
       537  3.393892970E-01  2.337116761E-02 -1.598785121E-01 
       538 -4.843472433E-01  2.342207020E-02 -2.668496149E+00 
       539  3.364949635E-01  2.370826214E-02 -1.633516526E-01 
       540  3.335798861E-01  2.404523728E-02 -1.667942485E-01 
       541 -4.833563397E-01  2.410069944E-02 -2.654671675E+00 
       542  3.306442437E-01  2.438203724E-02 -1.702072834E-01 
       543  3.276881854E-01  2.471863399E-02 -1.735921897E-01 
       544 -4.823355624E-01  2.477440816E-02 -2.639106573E+00 
       545  3.247119196E-01  2.505496982E-02 -1.769477835E-01 
       546  3.217156253E-01  2.539100188E-02 -1.802758102E-01 
       547 -4.812850020E-01  2.544308646E-02 -2.622019157E+00 
       548  3.186994813E-01  2.572668735E-02 -1.835781268E-01 
       549  3.156636664E-01  2.606198708E-02 -1.868532090E-01 
       550 -4.802047511E-01  2.610660150E-02 -2.603617314E+00 
       551  3.126083893E-01  2.639685086E-02 -1.901051053E-01 
       552  3.095338287E-01  2.673125618E-02 -1.933329172E-01 
       553 -4.790948118E-01  2.676487351E-02 -2.584023272E+00 
       554  3.064401635E-01  2.706514361E-02 -1.965359968E-01 
       555  3.033276023E-01  2.739849068E-02 -1.997165396E-01 
       556 -4.779553048E-01  2.741778053E-02 -2.563402924E+00 
       557  3.001963240E-01  2.773125091E-02 -2.028746216E-01 
       558  2.970465074E-01  2.806340185E-02 -2.060112490E-01 
       559 -4.767862918E-01  2.806523017E-02 -2.541923134E+00 
       560  2.938783909E-01  2.839489145E-02 -2.091247006E-01 
       561 -4.755878350E-01  2.870710467E-02 -2.519661799E+00 
       562  2.906921533E-01  2.872569731E-02 -2.122180982E-01 
       563  2.874879437E-01  2.905579524E-02 -2.152938637E-01 
       564 -4.743599943E-01  2.934334258E-02 -2.496750982E+00 
       565  2.842660303E-01  2.938514977E-02 -2.183495888E-01 
       566  2.810265621E-01  2.971372191E-02 -2.213865548E-01 
       567 -4.731028916E-01  2.997381202E-02 -2.473310854E+00 
       568  2.777697775E-01  3.004149479E-02 -2.244067954E-01 
       569  2.744958257E-01  3.036843495E-02 -2.274085842E-01 
       570 -4.718165874E-01  3.059843973E-02 -2.449409757E+00 
       571  2.712049748E-01  3.069451444E-02 -2.303942697E-01 
       572  2.678973738E-01  3.101971463E-02 -2.333655943E-01 
       573 -4.705011730E-01  3.121711903E-02 -2.425135000E+00 
       574  2.645732314E-01  3.134401313E-02 -2.363217124E-01 
       575  2.612327860E-01  3.166737464E-02 -2.392628757E-01 
       576 -4.691567089E-01  3.182978240E-02 -2.400545901E+00 
       577  2.578762165E-01  3.198978981E-02 -2.421930912E-01 
       578  2.545037612E-01  3.231123624E-02 -2.451124754E-01 
       579 -4.677832855E-01  3.243635568E-02 -2.375744095E+00 
       580  2.511155692E-01  3.263169159E-02 -2.480191875E-01 
       581  2.477119087E-01  3.295112613E-02 -2.509150261E-01 
       582 -4.663809644E-01  3.303674213E-02 -2.350754168E+00 
       583  2.442929587E-01  3.326953235E-02 -2.538010502E-01 
       584  2.408589425E-01  3.358688797E-02 -2.566789596E-01 
       585 -4.649498947E-01  3.363085834E-02 -2.325631166E+00 
       586  2.374100539E-01  3.390318545E-02 -2.595502004E-01 
       587  2.339465314E-01  3.421839876E-02 -2.624146296E-01 
       588 -4.634901078E-01  3.421864991E-02 -2.300446269E+00 
       589  2.304685687E-01  3.453251671E-02 -2.652731297E-01 
       590 -4.620017234E-01  3.480004942E-02 -2.275240016E+00 
       591  2.269763893E-01  3.484552071E-02 -2.681271937E-01 
       592  2.234702167E-01  3.515739952E-02 -2.709758862E-01 
       593 -4.604848621E-01  3.537496531E-02 -2.250054668E+00 
       594  2.199502447E-01  3.546813464E-02 -2.738232381E-01 
       595  2.164167118E-01  3.577772586E-02 -2.766674104E-01 
       596 -4.589395544E-01  3.594334930E-02 -2.224892036E+00 
       597  2.128698116E-01  3.608613993E-02 -2.795096183E-01 
       598  2.093097975E-01  3.639338778E-02 -2.823542541E-01 
       599 -4.573659198E-01  3.650514512E-02 -2.199803383E+00 
       600  2.057368631E-01  3.669944346E-02 -2.851977376E-01 
       601  2.021512322E-01  3.700429951E-02 -2.880442398E-01 
       602 -4.557640788E-01  3.706027952E-02 -2.174825463E+00 
       603  1.985531281E-01  3.730794844E-02 -2.908936049E-01 
       604 -4.541340914E-01  3.760870799E-02 -2.149962911E+00 
       605  1.949427744E-01  3.761037538E-02 -2.937475559E-01 
       606  1.913203946E-01  3.791157283E-02 -2.966052785E-01 
       607 -4.524761072E-01  3.815037451E-02 -2.125258358E+00 
       608  1.876862124E-01  3.821152228E-02 -2.994686555E-01 
       609  1.840404511E-01  3.851022732E-02 -3.023401607E-01 
       610 -4.507901867E-01  3.868522475E-02 -2.100718362E+00 
       611  1.803833344E-01  3.880766941E-02 -3.052183104E-01 
       612  1.767151007E-01  3.910384108E-02 -3.081045420E-01 
       613 -4.490764791E-01  3.921320594E-02 -2.076357417E+00 
       614  1.730359436E-01  3.939873856E-02 -3.109981465E-01 
       615  1.693461315E-01  3.969234327E-02 -3.138987846E-01 
       616 -4.473350449E-01  3.973427455E-02 -2.052193943E+00 
       617  1.656458581E-01  3.998465154E-02 -3.168129254E-01 
       618 -4.455660033E-01  4.024841094E-02 -2.028252985E+00 
       619  1.619353618E-01  4.027566315E-02 -3.197378727E-01 
       620  1.582148810E-01  4.056534487E-02 -3.226756556E-01 
       621 -4.437694743E-01  4.075557177E-02 -2.004566400E+00 
       622  1.544846393E-01  4.085371132E-02 -3.256282407E-01 
       623  1.507448602E-01  4.114073293E-02 -3.285944095E-01 
       624 -4.419455776E-01  4.125570195E-02 -1.981102252E+00 
       625  1.469957822E-01  4.142641699E-02 -3.315790410E-01 
       626  1.432376436E-01  4.171074490E-02 -3.345800488E-01 
       627 -4.400944031E-01  4.174876793E-02 -1.957840018E+00 
       628  1.394706531E-01  4.199370551E-02 -3.375981447E-01 
       629 -4.382160700E-01  4.223475439E-02 -1.934789732E+00 
       630  1.356950641E-01  4.227528767E-02 -3.406351722E-01 
       631  1.319111000E-01  4.255548759E-02 -3.436937025E-01 
       632 -4.363107280E-01  4.271362135E-02 -1.911927324E+00 
       633  1.281189994E-01  4.283429035E-02 -3.467717259E-01 
       634  1.243190006E-01  4.311167742E-02 -3.498716711E-01 
       635 -4.343784667E-01  4.318535397E-02 -1.889232275E+00 
       636  1.205113197E-01  4.338764867E-02 -3.529942195E-01 
       637 -4.324193760E-01  4.364991967E-02 -1.866618257E+00 
       638  1.166962101E-01  4.366218187E-02 -3.561413644E-01 
       639  1.128739027E-01  4.393527310E-02 -3.593119348E-01 
       640 -4.304336347E-01  4.410730994E-02 -1.844195905E+00 
       641  1.090446211E-01  4.420689280E-02 -3.625068627E-01 
       642  1.052086187E-01  4.447704448E-02 -3.657288838E-01 
       643 -4.284213329E-01  4.455750027E-02 -1.822133807E+00 
       644  1.013661188E-01  4.474570219E-02 -3.689771771E-01 
       645 -4.263825899E-01  4.500045747E-02 -1.800356349E+00 
       646  9.751736754E-02  4.501285837E-02 -3.722545307E-01 
       647  9.366259577E-02  4.527849070E-02 -3.755586745E-01 
       648 -4.243175548E-01  4.543620605E-02 -1.778904495E+00 
       649  8.980204941E-02  4.554258063E-02 -3.788917347E-01 
       650  8.593595943E-02  4.580512061E-02 -3.822572735E-01 
       651 -4.222263474E-01  4.586469666E-02 -1.757757989E+00 
       652  8.206456426E-02  4.606609194E-02 -3.856533274E-01 
       653 -4.201090868E-01  4.628594980E-02 -1.736897267E+00 
       654  7.818810236E-02  4.632546496E-02 -3.890796750E-01 
       655  7.430681960E-02  4.658322842E-02 -3.925400087E-01 
       656 -4.179659225E-01  4.669992283E-02 -1.716321368E+00 
       657  7.042095441E-02  4.683936363E-02 -3.960326693E-01 
       658  6.653073779E-02  4.709384463E-02 -3.995602139E-01 
       659 -4.157969439E-01  4.710665857E-02 -1.696022388E+00 
       660  6.263641561E-02  4.734666008E-02 -4.031240213E-01 
       661 -4.136023301E-01  4.750612912E-02 -1.676019223E+00 
       662  5.873822630E-02  4.759777652E-02 -4.067222432E-01 
       663  5.483641577E-02  4.784717159E-02 -4.103554758E-01 
       664 -4.113822304E-01  4.789833773E-02 -1.656276203E+00 
       665  5.093121871E-02  4.809482299E-02 -4.140267032E-01 
       666 -4.091367342E-01  4.828329594E-02 -1.636814518E+00 
       667  4.702287728E-02  4.834071566E-02 -4.177372865E-01 
       668  4.311163365E-02  4.858481241E-02 -4.214833363E-01 
       669 -4.068659910E-01  4.866096777E-02 -1.617594084E+00 
       670  3.919772997E-02  4.882708727E-02 -4.252707981E-01 
       671 -4.045701495E-01  4.903141050E-02 -1.598631009E+00 
       672  3.528140468E-02  4.906752878E-02 -4.290990329E-01 
       673  3.136289994E-02  4.930608873E-02 -4.329656563E-01 
       674 -4.022493592E-01  4.939461148E-02 -1.579946773E+00 
       675  2.744245977E-02  4.954274840E-02 -4.368739098E-01 
       676 -3.999037393E-01  4.975058156E-02 -1.561505978E+00 
       677  2.352032448E-02  4.977747802E-02 -4.408245536E-01 
       678  1.959673621E-02  5.001025140E-02 -4.448183459E-01 
       679 -3.975334689E-01  5.009931739E-02 -1.543306928E+00 
       680  1.567193527E-02  5.024103135E-02 -4.488545790E-01 
       681 -3.951386672E-01  5.044085201E-02 -1.525349237E+00 
       682  1.174616755E-02  5.046978805E-02 -4.529347298E-01 
       683  7.819673330E-03  5.069649167E-02 -4.570611022E-01 
       684 -3.927195132E-01  5.077519719E-02 -1.507643553E+00 
       685  3.892693851E-03  5.092110861E-02 -4.612300908E-01 
       686 -3.902761263E-01  5.110236450E-02 -1.490181204E+00 
       687 -3.452779003E-05  5.114359807E-02 -4.654501415E-01 
       688 -3.961749460E-03  5.136394089E-02 -4.697074640E-01 
       689 -3.878086555E-01  5.142236887E-02 -1.472944969E+00 
       690 -7.888728938E-03  5.158205996E-02 -4.740191857E-01 
       691 -3.853172499E-01  5.173525085E-02 -1.455965318E+00 
       692 -1.181522322E-02  5.179800196E-02 -4.783785721E-01 
       693 -1.574099099E-02  5.201162341E-02 -4.827768806E-01 
       694 -3.828020887E-01  5.204096789E-02 -1.439194820E+00 
       695 -1.966579201E-02  5.222297900E-02 -4.872373532E-01 
       696 -3.802633205E-01  5.233963923E-02 -1.422670394E+00 
       697 -2.358938038E-02  5.243199442E-02 -4.917437861E-01 
       698 -3.777010949E-01  5.263119884E-02 -1.406388374E+00 
       699 -2.751151579E-02  5.263861762E-02 -4.962967699E-01 
       700 -3.143195608E-02  5.284281150E-02 -5.009019402E-01 
       701 -3.751155607E-01  5.291573620E-02 -1.390317856E+00 
       702 -3.535046097E-02  5.304455331E-02 -5.055558541E-01 
       703 -3.725068970E-01  5.319323172E-02 -1.374486408E+00 
       704 -3.926678641E-02  5.324378022E-02 -5.102598680E-01 
       705 -4.318069026E-02  5.344048432E-02 -5.150257015E-01 
       706 -3.698752825E-01  5.346374695E-02 -1.358870077E+00 
       707 -4.709193410E-02  5.363460957E-02 -5.198381938E-01 
       708 -3.672208069E-01  5.372728733E-02 -1.343484016E+00 
       709 -5.100027572E-02  5.382608590E-02 -5.247065115E-01 
       710 -3.645437085E-01  5.398387826E-02 -1.328296510E+00 
       711 -5.490547301E-02  5.401491619E-02 -5.296322056E-01 
       712 -5.880728377E-02  5.420101908E-02 -5.346129635E-01 
       713 -3.618441067E-01  5.423357538E-02 -1.313328833E+00 
       714 -6.270547332E-02  5.438437536E-02 -5.396499290E-01 
       715 -3.591222101E-01  5.447639445E-02 -1.298567917E+00 
       716 -6.659979576E-02  5.456490735E-02 -5.447373220E-01 
       717 -3.563781380E-01  5.471238349E-02 -1.284000785E+00 
       718 -7.049001265E-02  5.474259621E-02 -5.498851631E-01 
       719 -7.437587811E-02  5.491740082E-02 -5.550945793E-01 
       720 -3.536120992E-01  5.494156174E-02 -1.269622951E+00 
       721 -7.825716117E-02  5.508926886E-02 -5.603597476E-01 
       722 -3.508242426E-01  5.516395172E-02 -1.255410495E+00 
       723 -8.213362337E-02  5.525813372E-02 -5.656799256E-01 
       724 -3.480147472E-01  5.537961597E-02 -1.241390554E+00 
       725 -8.600501882E-02  5.542397280E-02 -5.710673339E-01 
       726 -8.987110913E-02  5.558674099E-02 -5.765105449E-01 
       727 -3.451837918E-01  5.558856689E-02 -1.227564700E+00 
       728 -9.373165580E-02  5.574635710E-02 -5.820112108E-01 
       729 -3.423315553E-01  5.579086686E-02 -1.213930752E+00 
       730 -9.758642789E-02  5.590281312E-02 -5.875806356E-01 
       731 -3.394581867E-01  5.598653559E-02 -1.200499558E+00 
       732 -1.014351795E-01  5.605604941E-02 -5.932106993E-01 
       733 -3.365638650E-01  5.617559905E-02 -1.187249468E+00 
       734 -1.052776797E-01  5.620600651E-02 -5.989050994E-01 
       735 -1.091136825E-01  5.635263958E-02 -6.046561212E-01 
       736 -3.336487987E-01  5.635811262E-02 -1.174185370E+00 
       737 -1.129429644E-01  5.649589330E-02 -6.104825562E-01 
       738 -3.307131667E-01  5.653413233E-02 -1.161307281E+00 
       739 -1.167652721E-01  5.663576252E-02 -6.163723042E-01 
       740 -3.277571182E-01  5.670367768E-02 -1.148597931E+00 
       741 -1.205803820E-01  5.677211848E-02 -6.223228740E-01 
       742 -3.247808617E-01  5.686678925E-02 -1.136055702E+00 
       743 -1.243880632E-01  5.690497860E-02 -6.283430690E-01 
       744 -3.217845762E-01  5.702351179E-02 -1.123685675E+00 
       745 -1.281880623E-01  5.703425439E-02 -6.344330193E-01 
       746 -1.319801632E-01  5.715994098E-02 -6.405989411E-01 
       747 -3.187684404E-01  5.717389378E-02 -1.111488950E+00 
       748 -1.357641276E-01  5.728193480E-02 -6.468239107E-01 
       749 -3.157326332E-01  5.731797276E-02 -1.099455385E+00 
       750 -1.395397169E-01  5.740019865E-02 -6.531210199E-01 
       751 -3.126773634E-01  5.745580068E-02 -1.087595136E+00 
       752 -1.433067076E-01  5.751470243E-02 -6.594936529E-01 
       753 -3.096028096E-01  5.758737495E-02 -1.075877749E+00 
       754 -1.470648465E-01  5.762539012E-02 -6.659394704E-01 
       755 -3.065091508E-01  5.771281263E-02 -1.064323395E+00 
       756 -1.508139247E-01  5.773219854E-02 -6.724533886E-01 
       757 -3.033965957E-01  5.783209765E-02 -1.052932434E+00 
       758 -1.545537040E-01  5.783507953E-02 -6.790474942E-01 
       759 -1.582839459E-01  5.793400625E-02 -6.857192577E-01 
       760 -3.002653230E-01  5.794532124E-02 -1.041692683E+00 
       761 -1.620044269E-01  5.802889362E-02 -6.924630287E-01 
       762 -2.971155117E-01  5.805248148E-02 -1.030606616E+00 
       763 -1.657149233E-01  5.811970787E-02 -6.992882799E-01 
       764 -2.939474001E-01  5.815367715E-02 -1.019666661E+00 
       765 -1.694151968E-01  5.820639677E-02 -7.061900503E-01 
       766 -2.907611672E-01  5.824891744E-02 -1.008885623E+00 
       767 -1.731050090E-01  5.828890459E-02 -7.131747045E-01 
       768 -2.875569620E-01  5.833824649E-02 -9.982378952E-01 
       769 -1.767841661E-01  5.836718996E-02 -7.202377568E-01 
       770 -2.843350526E-01  5.842169803E-02 -9.877224475E-01 
       771 -1.804523998E-01  5.844118267E-02 -7.273814915E-01 
       772 -2.810955882E-01  5.849936432E-02 -9.773487903E-01 
       773 -1.841095164E-01  5.851085987E-02 -7.346158761E-01 
       774 -2.778388072E-01  5.857127259E-02 -9.671263485E-01 
       775 -1.877552776E-01  5.857616187E-02 -7.419371289E-01 
       776 -1.913894597E-01  5.863702536E-02 -7.493370321E-01 
       777 -2.745648587E-01  5.863745633E-02 -9.570270036E-01 
       778 -1.950118393E-01  5.869339128E-02 -7.568271965E-01 
       779 -2.712740108E-01  5.869798208E-02 -9.470627876E-01 
       780 -1.986221927E-01  5.874524388E-02 -7.644091693E-01 
       781 -2.679664127E-01  5.875286567E-02 -9.372247421E-01 
       782 -2.022202964E-01  5.879250542E-02 -7.720849112E-01 
       783 -2.646422729E-01  5.880218803E-02 -9.275078250E-01 
       784 -2.058059270E-01  5.883513801E-02 -7.798416459E-01 
       785 -2.613018300E-01  5.884599452E-02 -9.179266535E-01 
       786 -2.093788609E-01  5.887306109E-02 -7.877038089E-01 
       787 -2.579452627E-01  5.888431524E-02 -9.084648288E-01 
       788 -2.129388744E-01  5.890629461E-02 -7.956602282E-01 
       789 -2.545728095E-01  5.891719469E-02 -8.991170863E-01 
       790 -2.164857740E-01  5.893469200E-02 -8.037029504E-01 
       791 -2.511846195E-01  5.894469233E-02 -8.898847600E-01 
       792 -2.200193063E-01  5.895828135E-02 -8.118522779E-01 
       793 -2.477809608E-01  5.896687512E-02 -8.807750085E-01 
       794 -2.235392774E-01  5.897697423E-02 -8.200996868E-01 
       795 -2.443620123E-01  5.898378085E-02 -8.717853331E-01 
       796 -2.270454491E-01  5.899075106E-02 -8.284558652E-01 
       797 -2.409279976E-01  5.899544680E-02 -8.629048135E-01 
       798 -2.305376275E-01  5.899953037E-02 -8.369078631E-01 
       799 -2.374791104E-01  5.900192129E-02 -8.541297194E-01 
       800 -2.340155891E-01  5.900326747E-02 -8.454640387E-01 
