nodenumber     x-coordinate     y-coordinate pressure-coefficient 
         1 -2.611622392E-01 -3.755189722E-02  1.155016193E-01 
         2 -2.578056703E-01 -3.755027247E-02  1.141940376E-01 
         3 -2.645026842E-01 -3.754813674E-02  1.168796344E-01 
         4 -2.544332158E-01 -3.754330011E-02  1.129549175E-01 
         5 -2.678268264E-01 -3.753894659E-02  1.183261455E-01 
         6 -2.510450248E-01 -3.753103260E-02  1.117836977E-01 
         7 -2.711344274E-01 -3.752429661E-02  1.198454897E-01 
         8 -2.476413656E-01 -3.751353622E-02  1.106734969E-01 
         9 -2.744252787E-01 -3.750412440E-02  1.214403790E-01 
        10 -2.442224169E-01 -3.749084863E-02  1.096225768E-01 
        11 -2.776992311E-01 -3.747841021E-02  1.231104971E-01 
        12 -2.407884022E-01 -3.746302532E-02  1.086311180E-01 
        13 -2.809560165E-01 -3.744710645E-02  1.248619390E-01 
        14 -2.373395153E-01 -3.743010795E-02  1.076993345E-01 
        15 -2.841954858E-01 -3.741018650E-02  1.266891269E-01 
        16 -2.338759946E-01 -3.739216682E-02  1.068250548E-01 
        17 -2.874174006E-01 -3.736763524E-02  1.285971225E-01 
        18 -2.303980339E-01 -3.734925413E-02  1.060043216E-01 
        19 -2.906216120E-01 -3.731939063E-02  1.305930481E-01 
        20 -2.269058565E-01 -3.730142572E-02  1.052373092E-01 
        21 -2.938078516E-01 -3.726543660E-02  1.326756448E-01 
        22 -2.233996862E-01 -3.724873811E-02  1.045240956E-01 
        23 -2.969759705E-01 -3.720575463E-02  1.348438303E-01 
        24 -2.198797165E-01 -3.719127206E-02  1.038583857E-01 
        25 -3.001257899E-01 -3.714032979E-02  1.371032178E-01 
        26 -2.163461860E-01 -3.712906625E-02  1.032418452E-01 
        27 -3.032570713E-01 -3.706912551E-02  1.394522530E-01 
        28 -2.127992882E-01 -3.706221193E-02  1.026705938E-01 
        29 -3.063696360E-01 -3.699214807E-02  1.418960231E-01 
        30 -2.092392767E-01 -3.699073365E-02  1.021459165E-01 
        31 -2.056663450E-01 -3.691473778E-02  1.016668632E-01 
        32 -3.094633050E-01 -3.690935062E-02  1.444359073E-01 
        33 -2.020807168E-01 -3.683426946E-02  1.012260551E-01 
        34 -3.125378699E-01 -3.682075729E-02  1.470724534E-01 
        35 -1.984826154E-01 -3.674939229E-02  1.008293097E-01 
        36 -3.155931518E-01 -3.672632535E-02  1.498104484E-01 
        37 -1.948722646E-01 -3.666018102E-02  1.004732584E-01 
        38 -3.186289718E-01 -3.662606815E-02  1.526498530E-01 
        39 -1.912498877E-01 -3.656672038E-02  1.001526794E-01 
        40 -3.216451214E-01 -3.651996807E-02  1.555927992E-01 
        41 -1.876157084E-01 -3.646905923E-02  9.986760107E-02 
        42 -3.246414217E-01 -3.640803912E-02  1.586399665E-01 
        43 -1.839699501E-01 -3.636726517E-02  9.962160924E-02 
        44 -3.276176940E-01 -3.629026731E-02  1.617935316E-01 
        45 -1.803128363E-01 -3.626142720E-02  9.940948415E-02 
        46 -3.305737594E-01 -3.616666677E-02  1.650589462E-01 
        47 -1.766446056E-01 -3.615161928E-02  9.922640042E-02 
        48 -1.729654515E-01 -3.603789442E-02  9.907605991E-02 
        49 -3.335094093E-01 -3.603722717E-02  1.684343615E-01 
        50 -1.692756425E-01 -3.592034131E-02  9.895666635E-02 
        51 -3.364244946E-01 -3.590199165E-02  1.719179716E-01 
        52 -1.655753721E-01 -3.579901997E-02  9.886561697E-02 
        53 -3.393188367E-01 -3.576094347E-02  1.755185276E-01 
        54 -1.618648788E-01 -3.567400872E-02  9.880450510E-02 
        55 -3.421922269E-01 -3.561409671E-02  1.792375518E-01 
        56 -1.581444011E-01 -3.554538894E-02  9.876813062E-02 
        57 -3.450444864E-01 -3.546146993E-02  1.830727928E-01 
        58 -1.544141624E-01 -3.541322126E-02  9.875859663E-02 
        59 -3.478754660E-01 -3.530309989E-02  1.870262274E-01 
        60 -1.506743863E-01 -3.527760491E-02  9.877197985E-02 
        61 -3.506849872E-01 -3.513899139E-02  1.911001083E-01 
        62 -1.469253113E-01 -3.513858914E-02  9.880708354E-02 
        63 -1.431671757E-01 -3.499625595E-02  9.886732236E-02 
        64 -3.534728709E-01 -3.496918082E-02  1.952966566E-01 
        65 -1.394001881E-01 -3.485068703E-02  9.894751906E-02 
        66 -3.562389386E-01 -3.479368018E-02  1.996180654E-01 
        67 -1.356246021E-01 -3.470195663E-02  9.904669719E-02 
        68 -3.589830410E-01 -3.461253685E-02  2.040632902E-01 
        69 -1.318406409E-01 -3.455012824E-02  9.916582827E-02 
        70 -3.617049696E-01 -3.442577777E-02  2.086377164E-01 
        71 -1.280485432E-01 -3.439527348E-02  9.930782946E-02 
        72 -1.242485472E-01 -3.423749525E-02  9.946630514E-02 
        73 -3.644046053E-01 -3.423343616E-02  2.133386335E-01 
        74 -1.204408691E-01 -3.407684326E-02  9.964346660E-02 
        75 -3.670817394E-01 -3.403556390E-02  2.181703416E-01 
        76 -1.166257623E-01 -3.391341623E-02  9.983653959E-02 
        77 -3.697362527E-01 -3.383217328E-02  2.231374018E-01 
        78 -1.128034577E-01 -3.374724296E-02  1.000486968E-01 
        79 -3.723679067E-01 -3.362333006E-02  2.282362481E-01 
        80 -1.089741788E-01 -3.357845526E-02  1.002767893E-01 
        81 -3.749766122E-01 -3.340907574E-02  2.334720865E-01 
        82 -1.051381790E-01 -3.340709861E-02  1.005139226E-01 
        83 -1.012956817E-01 -3.323324731E-02  1.007674370E-01 
        84 -3.775621903E-01 -3.318944800E-02  2.388445866E-01 
        85 -9.744693300E-02 -3.305696899E-02  1.010345984E-01 
        86 -3.801244621E-01 -3.296451311E-02  2.443589660E-01 
        87 -9.359216372E-02 -3.287835284E-02  1.013146036E-01 
        88 -3.826632788E-01 -3.273430201E-02  2.500132558E-01 
        89 -8.973161983E-02 -3.269747970E-02  1.016012133E-01 
        90 -8.586553224E-02 -3.251438842E-02  1.019000061E-01 
        91 -3.851784911E-01 -3.249890602E-02  2.558084135E-01 
        92 -8.199413942E-02 -3.232917902E-02  1.022109951E-01 
        93 -3.876699504E-01 -3.225833894E-02  2.617515584E-01 
        94 -7.811767983E-02 -3.214192885E-02  1.025256245E-01 
        95 -3.901374776E-01 -3.201268795E-02  2.678392398E-01 
        96 -7.423639930E-02 -3.195268377E-02  1.028496416E-01 
        97 -3.925809239E-01 -3.176201000E-02  2.740761619E-01 
        98 -7.035053629E-02 -3.176153292E-02  1.031834070E-01 
        99 -6.646032178E-02 -3.156855421E-02  1.035221295E-01 
       100 -3.950001401E-01 -3.150636110E-02  2.804656144E-01 
       101 -6.256600169E-02 -3.137381433E-02  1.038659709E-01 
       102 -3.973950072E-01 -3.124580975E-02  2.870073304E-01 
       103 -5.866781439E-02 -3.117736649E-02  1.042186351E-01 
       104 -3.997653462E-01 -3.098043423E-02  2.937057904E-01 
       105 -5.476600581E-02 -3.097930286E-02  1.045773817E-01 
       106 -5.086081062E-02 -3.077968023E-02  1.049416810E-01 
       107 -4.021110382E-01 -3.071028383E-02  3.005684353E-01 
       108 -4.695247105E-02 -3.057858853E-02  1.053099263E-01 
       109 -4.044319042E-01 -3.043543799E-02  3.076201122E-01 
       110 -4.304122918E-02 -3.037606813E-02  1.056826634E-01 
       111 -3.912732721E-02 -3.017220625E-02  1.060623115E-01 
       112 -4.067278250E-01 -3.015596768E-02  3.148606364E-01 
       113 -3.521100358E-02 -2.996707676E-02  1.064423363E-01 
       114 -4.089986517E-01 -2.987196556E-02  3.222820366E-01 
       115 -3.129250043E-02 -2.976073073E-02  1.068264069E-01 
       116 -4.112442354E-01 -2.958346907E-02  3.298878852E-01 
       117 -2.737206181E-02 -2.955324757E-02  1.072141551E-01 
       118 -2.344992800E-02 -2.934468167E-02  1.076042716E-01 
       119 -4.134644270E-01 -2.929058220E-02  3.376698162E-01 
       120 -1.952634114E-02 -2.913510026E-02  1.079987762E-01 
       121 -4.156591371E-01 -2.899337498E-02  3.456323600E-01 
       122 -1.560154153E-02 -2.892457805E-02  1.083949492E-01 
       123 -1.167577514E-02 -2.871319535E-02  1.087881587E-01 
       124 -4.178282168E-01 -2.869192755E-02  3.537726291E-01 
       125 -7.749282126E-03 -2.850097334E-02  1.091846934E-01 
       126 -4.199714873E-01 -2.838633472E-02  3.620980744E-01 
       127 -3.822303850E-03 -2.828802510E-02  1.095793256E-01 
       128 -4.220888594E-01 -2.807664445E-02  3.706112866E-01 
       129  1.049166831E-04 -2.807437644E-02  1.099710284E-01 
       130  4.032137271E-03 -2.786011037E-02  1.103640679E-01 
       131 -4.241801839E-01 -2.776296851E-02  3.793121632E-01 
       132  7.959115770E-03 -2.764528123E-02  1.107534727E-01 
       133 -4.262453418E-01 -2.744537203E-02  3.882054218E-01 
       134  1.188560909E-02 -2.742995423E-02  1.111416273E-01 
       135  1.581137598E-02 -2.721419426E-02  1.115261299E-01 
       136 -4.282842138E-01 -2.712395087E-02  3.972912043E-01 
       137  1.973617616E-02 -2.699805549E-02  1.119074954E-01 
       138 -4.302966511E-01 -2.679878428E-02  4.065765961E-01 
       139  2.365976376E-02 -2.678159775E-02  1.122867933E-01 
       140  2.758189844E-02 -2.656488770E-02  1.126620178E-01 
       141 -4.322825346E-01 -2.646995414E-02  4.160613117E-01 
       142  3.150233807E-02 -2.634797764E-02  1.130330387E-01 
       143 -4.342417748E-01 -2.613755321E-02  4.257494518E-01 
       144  3.542084234E-02 -2.613092534E-02  1.134006428E-01 
       145  3.933716724E-02 -2.591378875E-02  1.137644120E-01 
       146 -4.361741931E-01 -2.580166284E-02  4.356451249E-01 
       147  4.325107058E-02 -2.569663247E-02  1.141222673E-01 
       148  4.716231395E-02 -2.547949990E-02  1.144750997E-01 
       149 -4.380797001E-01 -2.546237536E-02  4.457500048E-01 
       150  5.107065518E-02 -2.526245409E-02  1.148233605E-01 
       151 -4.399582066E-01 -2.511976801E-02  4.560672726E-01 
       152  5.497585211E-02 -2.504554719E-02  1.151649807E-01 
       153  5.887766259E-02 -2.482883148E-02  1.155009504E-01 
       154 -4.418095635E-01 -2.477393753E-02  4.666010200E-01 
       155  6.277585188E-02 -2.461236265E-02  1.158300537E-01 
       156 -4.436336520E-01 -2.442495938E-02  4.773581220E-01 
       157  6.667017412E-02 -2.439618928E-02  1.161521440E-01 
       158  7.056039086E-02 -2.418036520E-02  1.164666257E-01 
       159 -4.454303826E-01 -2.407291708E-02  4.883392840E-01 
       160  7.444625623E-02 -2.396493726E-02  1.167729674E-01 
       161  7.832753923E-02 -2.374996098E-02  1.170698478E-01 
       162 -4.471996363E-01 -2.371791289E-02  4.995439195E-01 
       163  8.220400142E-02 -2.353547931E-02  1.173558210E-01 
       164 -4.489412939E-01 -2.336003526E-02  5.109800192E-01 
       165  8.607539692E-02 -2.332153894E-02  1.176314166E-01 
       166  8.994148730E-02 -2.310819007E-02  1.178975786E-01 
       167 -4.506552367E-01 -2.299935243E-02  5.226516783E-01 
       168  9.380203411E-02 -2.289547903E-02  1.181553214E-01 
       169  9.765680638E-02 -2.268344348E-02  1.184058765E-01 
       170 -4.523414049E-01 -2.263595454E-02  5.345610468E-01 
       171  1.015055582E-01 -2.247213509E-02  1.186478894E-01 
       172 -4.539996500E-01 -2.226992869E-02  5.467119340E-01 
       173  1.053480586E-01 -2.226158780E-02  1.188806040E-01 
       174  1.091840617E-01 -2.205184981E-02  1.191039020E-01 
       175 -4.556299124E-01 -2.190135657E-02  5.591064017E-01 
       176  1.130133440E-01 -2.184296000E-02  1.193150818E-01 
       177  1.168356521E-01 -2.163495063E-02  1.195160127E-01 
       178 -4.572320433E-01 -2.153033036E-02  5.717479443E-01 
       179  1.206507624E-01 -2.142787117E-02  1.197047519E-01 
       180  1.244584441E-01 -2.122174468E-02  1.198814673E-01 
       181 -4.588059835E-01 -2.115692308E-02  5.846399040E-01 
       182  1.282584437E-01 -2.101661722E-02  1.200469579E-01 
       183  1.320505452E-01 -2.081251696E-02  1.201999024E-01 
       184 -4.603516140E-01 -2.078122095E-02  5.977840402E-01 
       185  1.358345101E-01 -2.060947911E-02  1.203414232E-01 
       186  1.396101000E-01 -2.040753357E-02  1.204706878E-01 
       187 -4.618688159E-01 -2.040331377E-02  6.111827331E-01 
       188  1.433770914E-01 -2.020671187E-02  1.205866330E-01 
       189 -4.633575598E-01 -2.002326025E-02  6.248381746E-01 
       190  1.471352310E-01 -2.000704191E-02  1.206881074E-01 
       191  1.508843100E-01 -1.980854816E-02  1.207759596E-01 
       192 -4.648177267E-01 -1.964115177E-02  6.387496958E-01 
       193  1.546240901E-01 -1.961126353E-02  1.208483670E-01 
       194  1.583543328E-01 -1.941520177E-02  1.209065935E-01 
       195 -4.662491979E-01 -1.925707492E-02  6.529173683E-01 
       196  1.620748146E-01 -1.922039748E-02  1.209498481E-01 
       197  1.657853119E-01 -1.902686067E-02  1.209777843E-01 
       198 -4.676519441E-01 -1.887108655E-02  6.673422885E-01 
       199  1.694855864E-01 -1.883462241E-02  1.209908022E-01 
       200  1.731753995E-01 -1.864369584E-02  1.209871645E-01 
       201 -4.690258167E-01 -1.848327498E-02  6.820218649E-01 
       202  1.768545576E-01 -1.845409423E-02  1.209689060E-01 
       203  1.805227923E-01 -1.826584133E-02  1.209342753E-01 
       204 -4.703707567E-01 -1.809371321E-02  6.969509374E-01 
       205  1.841799101E-01 -1.807894296E-02  1.208832563E-01 
       206  1.878256724E-01 -1.789341401E-02  1.208165575E-01 
       207  1.914598557E-01 -1.770926727E-02  1.207326734E-01 
       208 -4.716866751E-01 -1.770248042E-02  7.121249413E-01 
       209  1.950822364E-01 -1.752650839E-02  1.206314217E-01 
       210  1.986925911E-01 -1.734514490E-02  1.205132185E-01 
       211 -4.729735132E-01 -1.730963231E-02  7.275377504E-01 
       212  2.022906962E-01 -1.716518580E-02  1.203772452E-01 
       213  2.058763281E-01 -1.698663147E-02  1.202243934E-01 
       214 -4.742311822E-01 -1.691524557E-02  7.431788705E-01 
       215  2.094492634E-01 -1.680949235E-02  1.200536313E-01 
       216  2.130092785E-01 -1.663375799E-02  1.198659800E-01 
       217 -4.754596234E-01 -1.651938475E-02  7.590349351E-01 
       218  2.165561796E-01 -1.645943699E-02  1.196613785E-01 
       219  2.200897134E-01 -1.628652051E-02  1.194391679E-01 
       220 -4.766587183E-01 -1.612213476E-02  7.750895305E-01 
       221  2.236096862E-01 -1.611501001E-02  1.192002932E-01 
       222  2.271158596E-01 -1.594489807E-02  1.189440452E-01 
       223  2.306080398E-01 -1.577617537E-02  1.186717393E-01 
       224 -4.778284085E-01 -1.572354962E-02  7.913232490E-01 
       225  2.340860032E-01 -1.560883452E-02  1.183842140E-01 
       226  2.375495265E-01 -1.544286954E-02  1.180803872E-01 
       227 -4.789686354E-01 -1.532369072E-02  8.077099709E-01 
       228  2.409984157E-01 -1.527826222E-02  1.177605637E-01 
       229  2.444324325E-01 -1.511500827E-02  1.174246499E-01 
       230  2.478513832E-01 -1.495308552E-02  1.170725420E-01 
       231 -4.800793406E-01 -1.492262000E-02  8.242182162E-01 
       232  2.512550442E-01 -1.479247909E-02  1.167060285E-01 
       233  2.546432367E-01 -1.463317203E-02  1.163242959E-01 
       234 -4.811604065E-01 -1.452041479E-02  8.408092908E-01 
       235  2.580156924E-01 -1.447514765E-02  1.159278324E-01 
       236  2.613722623E-01 -1.431838521E-02  1.155167487E-01 
       237  2.647127081E-01 -1.416286246E-02  1.150915923E-01 
       238 -4.822118344E-01 -1.411710752E-02  8.574363013E-01 
       239  2.680368507E-01 -1.400855691E-02  1.146530877E-01 
       240  2.713444519E-01 -1.385544612E-02  1.142012500E-01 
       241 -4.832335367E-01 -1.371277209E-02  8.740418950E-01 
       242  2.746353030E-01 -1.370350408E-02  1.137370741E-01 
       243  2.779092550E-01 -1.355270453E-02  1.132607253E-01 
       244  2.811660395E-01 -1.340302236E-02  1.127727779E-01 
       245 -4.842254262E-01 -1.330746464E-02  8.905570088E-01 
       246  2.844055077E-01 -1.325442838E-02  1.122736888E-01 
       247  2.876274210E-01 -1.310689033E-02  1.117648203E-01 
       248  2.908316304E-01 -1.296038101E-02  1.112468571E-01 
       249 -4.851874748E-01 -1.290123719E-02  9.068973361E-01 
       250  2.940178678E-01 -1.281487407E-02  1.107191310E-01 
       251  2.971859840E-01 -1.267033233E-02  1.101833169E-01 
       252  3.003358002E-01 -1.252672234E-02  1.096409750E-01 
       253 -4.861195959E-01 -1.249415771E-02  9.229624201E-01 
       254  3.034670780E-01 -1.238401590E-02  1.090920575E-01 
       255  3.065796386E-01 -1.224217690E-02  1.085378015E-01 
       256  3.096733032E-01 -1.210117504E-02  1.079785279E-01 
       257 -4.870217627E-01 -1.208625368E-02  9.386321866E-01 
       258  3.127478631E-01 -1.196097073E-02  1.074158234E-01 
       259  3.158031394E-01 -1.182153473E-02  1.068508660E-01 
       260  3.188389534E-01 -1.168282971E-02  1.062834345E-01 
       261 -4.878939182E-01 -1.167758850E-02  9.537603533E-01 
       262  3.218550964E-01 -1.154481958E-02  1.057161096E-01 
       263  3.248513896E-01 -1.140747323E-02  1.051489342E-01 
       264  3.278276542E-01 -1.127075171E-02  1.045829145E-01 
       265 -4.887360069E-01 -1.126820624E-02  9.681718707E-01 
       266  3.307837113E-01 -1.113462143E-02  1.040200037E-01 
       267  3.337193523E-01 -1.099904953E-02  1.034607135E-01 
       268  3.366344282E-01 -1.086399617E-02  1.029075316E-01 
       269 -4.895480027E-01 -1.085814627E-02  9.816544938E-01 
       270  3.395287601E-01 -1.072942885E-02  1.023628104E-01 
       271  3.424021395E-01 -1.059531920E-02  1.018269871E-01 
       272  3.452543874E-01 -1.046163003E-02  1.013019541E-01 
       273 -4.903297912E-01 -1.044749185E-02  9.939373303E-01 
       274  3.480853549E-01 -1.032832533E-02  1.007884646E-01 
       275  3.508948631E-01 -1.019537846E-02  1.002836182E-01 
       276  3.536827332E-01 -1.006275266E-02  9.978863648E-02 
       277 -4.910814075E-01 -1.003624106E-02  1.004708746E+00 
       278  3.564487863E-01 -9.930422382E-03  9.930471886E-02 
       279  3.591928736E-01 -9.798354161E-03  9.883314211E-02 
       280  3.619147862E-01 -9.666520187E-03  9.837775518E-02 
       281 -4.918027978E-01 -9.624445947E-03  1.013536646E+00 
       282  3.646144050E-01 -9.534892328E-03  9.793939034E-02 
       283  3.672915214E-01 -9.403444597E-03  9.751981609E-02 
       284  3.699460161E-01 -9.272149939E-03  9.712139264E-02 
       285 -4.924938796E-01 -9.212172629E-03  1.019983109E+00 
       286  3.725776508E-01 -9.140987830E-03  9.674578637E-02 
       287  3.751863359E-01 -9.009931424E-03  9.639564688E-02 
       288  3.777718926E-01 -8.878962567E-03  9.607148162E-02 
       289 -4.931546607E-01 -8.799433844E-03  1.023619644E+00 
       290  3.803341422E-01 -8.748056866E-03  9.577465737E-02 
       291  3.828729356E-01 -8.617203084E-03  9.550303706E-02 
       292  3.853881237E-01 -8.486374404E-03  9.525799641E-02 
       293 -4.937850900E-01 -8.386282859E-03  1.023915878E+00 
       294  3.878795576E-01 -8.355565322E-03  9.504104019E-02 
       295  3.903470585E-01 -8.224758531E-03  9.485592642E-02 
       296  3.927904772E-01 -8.093943699E-03  9.470970593E-02 
       297 -4.943851182E-01 -7.972769779E-03  1.020204539E+00 
       298  3.952096648E-01 -7.963110581E-03  9.460223098E-02 
       299  3.976045020E-01 -7.832248945E-03  9.453453626E-02 
       300  3.999748101E-01 -7.701354022E-03  9.450805475E-02 
       301  4.023204697E-01 -7.570424971E-03  9.452304875E-02 
       302 -4.949547866E-01 -7.558880733E-03  1.011666404E+00 
       303  4.046413021E-01 -7.439459558E-03  9.458084462E-02 
       304  4.069371881E-01 -7.308455346E-03  9.468388657E-02 
       305  4.092079786E-01 -7.177412208E-03  9.483502036E-02 
       306 -4.954940183E-01 -7.144690803E-03  9.973817429E-01 
       307  4.114535247E-01 -7.046343813E-03  9.503405939E-02 
       308  4.136736772E-01 -6.915253180E-03  9.528159757E-02 
       309  4.158683467E-01 -6.784145169E-03  9.558176147E-02 
       310 -4.960027986E-01 -6.730223187E-03  9.762580276E-01 
       311  4.180373843E-01 -6.653032502E-03  9.593525500E-02 
       312  4.201806112E-01 -6.521927414E-03  9.634549648E-02 
       313  4.222979378E-01 -6.390852758E-03  9.681135542E-02 
       314 -4.964811135E-01 -6.315508834E-03  9.470768038E-01 
       315  4.243892152E-01 -6.259817401E-03  9.733569157E-02 
       316  4.264543242E-01 -6.128849399E-03  9.792041605E-02 
       317  4.284931455E-01 -5.997960860E-03  9.856730197E-02 
       318 -4.969289812E-01 -5.900547678E-03  9.084901316E-01 
       319  4.305055302E-01 -5.867186524E-03  9.927935827E-02 
       320  4.324913589E-01 -5.736550799E-03  1.000553899E-01 
       321  4.344505424E-01 -5.606074814E-03  1.009017816E-01 
       322 -4.973463621E-01 -5.485390051E-03  8.589893046E-01 
       323  4.363829017E-01 -5.475801028E-03  1.018189804E-01 
       324  4.382883475E-01 -5.345756063E-03  1.028080708E-01 
       325  4.401667903E-01 -5.215974579E-03  1.038718198E-01 
       326  4.420180812E-01 -5.086493617E-03  1.050112163E-01 
       327 -4.977332480E-01 -5.070060406E-03  7.969622681E-01 
       328  4.438421009E-01 -4.957358212E-03  1.062262604E-01 
       329  4.456387600E-01 -4.828609524E-03  1.075154294E-01 
       330  4.474079392E-01 -4.700283282E-03  1.088808709E-01 
       331 -4.980896614E-01 -4.654548825E-03  7.207889808E-01 
       332  4.491495195E-01 -4.572426764E-03  1.103232775E-01 
       333  4.508633816E-01 -4.445095494E-03  1.118424559E-01 
       334  4.525494658E-01 -4.318331798E-03  1.134421105E-01 
       335 -4.984155961E-01 -4.238870025E-03  6.286751517E-01 
       336  4.542076231E-01 -4.192189980E-03  1.151249241E-01 
       337  4.558377940E-01 -4.066716571E-03  1.168928376E-01 
       338  4.574398295E-01 -3.941970426E-03  1.187479492E-01 
       339 -4.987110750E-01 -3.822997956E-03  5.188011106E-01 
       340  4.590136698E-01 -3.818005591E-03  1.206904545E-01 
       341  4.605591959E-01 -3.694879254E-03  1.227223939E-01 
       342  4.620762886E-01 -3.572652997E-03  1.248455938E-01 
       343  4.635649179E-01 -3.451382139E-03  1.270605355E-01 
       344 -4.989760596E-01 -3.406984620E-03  3.898238210E-01 
       345  4.650249647E-01 -3.331126417E-03  1.293699345E-01 
       346  4.664563099E-01 -3.211949794E-03  1.317765995E-01 
       347  4.678589235E-01 -3.093912692E-03  1.342811317E-01 
       348 -4.992105668E-01 -2.990799276E-03  2.410937987E-01 
       349  4.692326567E-01 -2.977086371E-03  1.368842007E-01 
       350  4.705774497E-01 -2.861533539E-03  1.395864622E-01 
       351  4.718932133E-01 -2.747313727E-03  1.423937017E-01 
       352  4.731798877E-01 -2.634499482E-03  1.453057961E-01 
       353 -4.994146078E-01 -2.574392715E-03  7.304658073E-02 
       354  4.744373837E-01 -2.523152142E-03  1.483245835E-01 
       355  4.756656415E-01 -2.413340717E-03  1.514528548E-01 
       356  4.768645422E-01 -2.305128119E-03  1.546956342E-01 
       357  4.780340258E-01 -2.198594215E-03  1.580525062E-01 
       358 -4.995881542E-01 -2.157773735E-03 -1.122237579E-01 
       359  4.791740329E-01 -2.093795936E-03  1.615240258E-01 
       360  4.802845041E-01 -1.990800263E-03  1.651196015E-01 
       361  4.813653199E-01 -1.889684261E-03  1.688380478E-01 
       362  4.824164803E-01 -1.790507678E-03  1.726812630E-01 
       363 -4.997311954E-01 -1.740890231E-03 -3.110680278E-01 
       364  4.834378963E-01 -1.693334727E-03  1.766585543E-01 
       365  4.844294780E-01 -1.598244266E-03  1.807695079E-01 
       366  4.853911959E-01 -1.505287249E-03  1.850202494E-01 
       367  4.863229606E-01 -1.414535512E-03  1.894219525E-01 
       368  4.872247421E-01 -1.326056517E-03  1.939717718E-01 
       369 -4.998437067E-01 -1.323666467E-03 -5.168544587E-01 
       370  4.880964812E-01 -1.239906112E-03  1.986810997E-01 
       371  4.889381178E-01 -1.156155738E-03  2.035561999E-01 
       372  4.897496225E-01 -1.074856965E-03  2.086041822E-01 
       373  4.905308760E-01 -9.960786327E-04  2.138400065E-01 
       374  4.912819079E-01 -9.198771165E-04  2.192671996E-01 
       375 -4.999256169E-01 -9.061621564E-04 -7.220034389E-01 
       376  4.920026590E-01 -8.463026491E-04  2.249025445E-01 
       377  4.926930397E-01 -7.754235415E-04  2.307603918E-01 
       378  4.933530499E-01 -7.072882153E-04  2.368516786E-01 
       379  4.939826300E-01 -6.419463570E-04  2.432015890E-01 
       380  4.945817208E-01 -5.794531305E-04  2.498338420E-01 
       381  4.951503514E-01 -5.198538227E-04  2.567682822E-01 
       382 -4.999769001E-01 -4.880411130E-04 -9.214382926E-01 
       383  4.956884332E-01 -4.631932391E-04  2.640424403E-01 
       384  4.961959361E-01 -4.095269486E-04  2.716904978E-01 
       385  4.966728299E-01 -3.588934172E-04  2.797514787E-01 
       386  4.971191150E-01 -3.113253568E-04  2.882928499E-01 
       387  4.975347321E-01 -2.668678777E-04  2.973831234E-01 
       388  4.979196505E-01 -2.255591776E-04  3.071051840E-01 
       389  4.982738715E-01 -1.874283585E-04  3.175802445E-01 
       390  4.985973637E-01 -1.525088920E-04  3.289474856E-01 
       391  4.988901286E-01 -1.208218421E-04  3.414763120E-01 
       392  4.991521055E-01 -9.240141667E-05  3.551876108E-01 
       393 -4.999974241E-01 -6.995490679E-05 -1.105343175E+00 
       394  4.993832954E-01 -6.727007646E-05  3.713390846E-01 
       395  4.995324109E-01 -5.100457208E-05  3.858838020E-01 
       396  4.996792539E-01 -3.498695134E-05  4.056223866E-01 
       397  4.998012075E-01 -2.168427105E-05  4.294283743E-01 
       398  4.998889546E-01 -1.211282224E-05  4.569450789E-01 
       399  4.999457824E-01 -5.914045063E-06  4.850019092E-01 
       400  4.999801179E-01 -2.168733917E-06  5.217432716E-01 
       401  5.000000000E-01  0.000000000E+00  5.350133360E-01 
       402  4.999801383E-01  2.347956263E-06  5.186690112E-01 
       403  4.999401885E-01  7.070632435E-06  4.798338559E-01 
       404  4.998660432E-01  1.583573668E-05  4.496095874E-01 
       405  4.997469448E-01  2.991498882E-05  4.207522777E-01 
       406  4.995938605E-01  4.801189849E-05  3.979133214E-01 
       407  4.994448977E-01  6.562157046E-05  3.824655432E-01 
       408  4.992444931E-01  8.935287620E-05  3.675171704E-01 
       409  4.990133005E-01  1.167591953E-04  3.547315523E-01 
       410  4.987513200E-01  1.478443522E-04  3.431065591E-01 
       411  4.984585516E-01  1.826276896E-04  3.325245296E-01 
       412  4.981350549E-01  2.211015144E-04  3.227831797E-01 
       413  4.977808299E-01  2.633020066E-04  3.137392576E-01 
       414  4.973959063E-01  3.092239846E-04  3.052968513E-01 
       415  4.969802843E-01  3.588991350E-04  2.973564587E-01 
       416 -4.999868659E-01  4.039687734E-04 -1.298553298E+00 
       417  4.965339935E-01  4.123318006E-04  2.898650891E-01 
       418  4.960570936E-01  4.695345019E-04  2.827591096E-01 
       419  4.955495847E-01  5.305352092E-04  2.759814012E-01 
       420  4.950114965E-01  5.953557990E-04  2.695081269E-01 
       421  4.944428587E-01  6.639976620E-04  2.633059035E-01 
       422  4.938437609E-01  7.364915758E-04  2.573364535E-01 
       423  4.932141733E-01  8.128551285E-04  2.515866933E-01 
       424 -4.999451003E-01  8.786762073E-04 -1.488751509E+00 
       425  4.925541553E-01  8.931064306E-04  2.460288504E-01 
       426  4.918637667E-01  9.772715575E-04  2.406375531E-01 
       427  4.911430075E-01  1.065377686E-03  2.354047128E-01 
       428  4.903919670E-01  1.157430253E-03  2.303107598E-01 
       429  4.896107048E-01  1.253464630E-03  2.253349846E-01 
       430 -4.998724306E-01  1.353403319E-03 -1.673825315E+00 
       431  4.887991912E-01  1.353501669E-03  2.204765087E-01 
       432  4.879575454E-01  1.457556166E-03  2.157260046E-01 
       433  4.870857972E-01  1.565663724E-03  2.110795219E-01 
       434  4.861840062E-01  1.677832639E-03  2.065193282E-01 
       435  4.852522319E-01  1.794099442E-03  2.020313539E-01 
       436 -4.997687740E-01  1.828492654E-03 -1.848108932E+00 
       437  4.842905043E-01  1.914478696E-03  1.976215796E-01 
       438  4.832989127E-01  2.038985678E-03  1.932730219E-01 
       439  4.822774869E-01  2.167664470E-03  1.889801147E-01 
       440  4.812263163E-01  2.300515225E-03  1.847435152E-01 
       441 -4.996341187E-01  2.303822445E-03 -2.007139593E+00 
       442  4.801454904E-01  2.437566570E-03  1.805494175E-01 
       443  4.790350092E-01  2.578847602E-03  1.763968261E-01 
       444  4.778949918E-01  2.724364153E-03  1.722870669E-01 
       445 -4.994684310E-01  2.779417727E-03 -2.147941742E+00 
       446  4.767254978E-01  2.874136733E-03  1.682056365E-01 
       447  4.755265870E-01  3.028201149E-03  1.641532221E-01 
       448  4.742983189E-01  3.186552332E-03  1.601301265E-01 
       449 -4.992716880E-01  3.255276517E-03 -2.268688129E+00 
       450  4.730408126E-01  3.349217491E-03  1.561283685E-01 
       451  4.717541279E-01  3.516206668E-03  1.521443037E-01 
       452  4.704383541E-01  3.687544037E-03  1.481752142E-01 
       453 -4.990439060E-01  3.731332326E-03 -2.368530604E+00 
       454  4.690935509E-01  3.863230104E-03  1.442222391E-01 
       455  4.677198076E-01  4.043287206E-03  1.402757287E-01 
       456 -4.987850802E-01  4.207594359E-03 -2.447607221E+00 
       457  4.663171839E-01  4.227730234E-03  1.363351451E-01 
       458  4.648858287E-01  4.416554997E-03  1.324006686E-01 
       459  4.634257720E-01  4.609772214E-03  1.284719571E-01 
       460 -4.984952131E-01  4.684063676E-03 -2.506829654E+00 
       461  4.619371328E-01  4.807385620E-03  1.245438135E-01 
       462  4.604200305E-01  5.009403574E-03  1.206128891E-01 
       463 -4.981743722E-01  5.160656725E-03 -2.547701331E+00 
       464  4.588744948E-01  5.215833066E-03  1.166795240E-01 
       465  4.573006449E-01  5.426670839E-03  1.127410884E-01 
       466 -4.978225695E-01  5.637393896E-03 -2.572145000E+00 
       467  4.556986001E-01  5.641915021E-03  1.087958165E-01 
       468  4.540684200E-01  5.861566074E-03  1.048445917E-01 
       469  4.524102536E-01  6.085610973E-03  1.008843176E-01 
       470 -4.974398494E-01  6.114257103E-03 -2.582282323E+00 
       471  4.507241604E-01  6.314055284E-03  9.691369945E-02 
       472  4.490102896E-01  6.546881328E-03  9.292943870E-02 
       473 -4.970262279E-01  6.591266930E-03 -2.580232744E+00 
       474  4.472687007E-01  6.784091852E-03  8.893096954E-02 
       475  4.454995130E-01  7.025657542E-03  8.492457337E-02 
       476 -4.965817513E-01  7.068415091E-03 -2.567910546E+00 
       477  4.437028456E-01  7.271562128E-03  8.090424101E-02 
       478  4.418788178E-01  7.521802306E-03  7.686481287E-02 
       479 -4.961064955E-01  7.545666455E-03 -2.547164371E+00 
       480  4.400275190E-01  7.776358970E-03  7.280988188E-02 
       481 -4.956004764E-01  8.023052079E-03 -2.519758267E+00 
       482  4.381490684E-01  8.035201872E-03  6.873795518E-02 
       483  4.362436150E-01  8.298307699E-03  6.465030089E-02 
       484 -4.950637387E-01  8.500569577E-03 -2.487173697E+00 
       485  4.343112483E-01  8.565648547E-03  6.054342473E-02 
       486  4.323520577E-01  8.837213168E-03  5.641773642E-02 
       487 -4.944963256E-01  8.978229879E-03 -2.450696679E+00 
       488  4.303662219E-01  9.112946670E-03  5.227658147E-02 
       489  4.283538304E-01  9.392833190E-03  4.811162773E-02 
       490 -4.938983397E-01  9.455988238E-03 -2.411410759E+00 
       491  4.263150024E-01  9.676840083E-03  4.393007108E-02 
       492 -4.932697625E-01  9.933899815E-03 -2.370189613E+00 
       493  4.242498870E-01  9.964911541E-03  3.972846922E-02 
       494  4.221586033E-01  1.025702698E-02  3.550823809E-02 
       495 -4.926106638E-01  1.041195420E-02 -2.327777732E+00 
       496  4.200412705E-01  1.055312781E-02  3.126779551E-02 
       497  4.178980378E-01  1.085318971E-02  2.700583783E-02 
       498 -4.919211131E-01  1.089013406E-02 -2.284759617E+00 
       499  4.157289944E-01  1.115714848E-02  2.272822208E-02 
       500 -4.912011185E-01  1.136846894E-02 -2.241589802E+00 
       501  4.135343193E-01  1.146496029E-02  1.843170679E-02 
       502  4.113141614E-01  1.177656650E-02  1.412106213E-02 
       503 -4.904507767E-01  1.184693199E-02 -2.198657194E+00 
       504  4.090686102E-01  1.209192521E-02  9.788193669E-03 
       505 -4.896701545E-01  1.232550758E-02 -2.156241632E+00 
       506  4.067978146E-01  1.241099067E-02  5.435980494E-03 
       507  4.045019238E-01  1.273368192E-02  1.069504124E-03 
       508 -4.888592274E-01  1.280424580E-02 -2.114559370E+00 
       509  4.021810866E-01  1.305994494E-02 -3.315233302E-03 
       510 -4.880181205E-01  1.328309751E-02 -2.073790972E+00 
       511  3.998354224E-01  1.338972570E-02 -7.719923979E-03 
       512  3.974651100E-01  1.372295894E-02 -1.214328459E-02 
       513 -4.871468681E-01  1.376206693E-02 -2.034040481E+00 
       514  3.950702685E-01  1.405957205E-02 -1.658175725E-02 
       515 -4.862455339E-01  1.424114676E-02 -1.995401698E+00 
       516  3.926510769E-01  1.439949332E-02 -2.103699665E-02 
       517 -4.853141817E-01  1.472031761E-02 -1.957920378E+00 
       518  3.902076542E-01  1.474266311E-02 -2.551075991E-02 
       519  3.877401496E-01  1.508900781E-02 -2.999698378E-02 
       520 -4.843528438E-01  1.519959360E-02 -1.921626448E+00 
       521  3.852487121E-01  1.543844740E-02 -3.450306427E-02 
       522 -4.833616133E-01  1.567894502E-02 -1.886542683E+00 
       523  3.827335204E-01  1.579092303E-02 -3.902207457E-02 
       524  3.801947236E-01  1.614632407E-02 -4.355279431E-02 
       525 -4.823405229E-01  1.615835505E-02 -1.852608721E+00 
       526  3.776324708E-01  1.650460469E-02 -4.809910966E-02 
       527 -4.812896634E-01  1.663781165E-02 -1.819811597E+00 
       528  3.750469109E-01  1.686566443E-02 -5.265656193E-02 
       529 -4.802091271E-01  1.711728061E-02 -1.788190288E+00 
       530  3.724382228E-01  1.722943425E-02 -5.722780622E-02 
       531  3.698065853E-01  1.759581362E-02 -6.180705638E-02 
       532 -4.790989159E-01  1.759676364E-02 -1.757720816E+00 
       533  3.671520879E-01  1.796473548E-02 -6.640100108E-02 
       534 -4.779591503E-01  1.807622609E-02 -1.728388238E+00 
       535  3.644749688E-01  1.833610848E-02 -7.100387944E-02 
       536 -4.767898918E-01  1.855564590E-02 -1.700180029E+00 
       537  3.617753474E-01  1.870983582E-02 -7.561461961E-02 
       538 -4.755912014E-01  1.903499127E-02 -1.673035025E+00 
       539  3.590534323E-01  1.908583362E-02 -8.022624317E-02 
       540  3.563093428E-01  1.946401435E-02 -8.483187327E-02 
       541 -4.743631396E-01  1.951425661E-02 -1.646931402E+00 
       542  3.535432873E-01  1.984428302E-02 -8.944238013E-02 
       543 -4.731058273E-01  1.999338133E-02 -1.621779975E+00 
       544  3.507554150E-01  2.022655572E-02 -9.405296438E-02 
       545 -4.718193246E-01  2.047235050E-02 -1.597493914E+00 
       546  3.479459047E-01  2.061072453E-02 -9.866968362E-02 
       547 -4.705037223E-01  2.095111236E-02 -1.573923089E+00 
       548  3.451149353E-01  2.099671663E-02 -1.032912238E-01 
       549  3.422626854E-01  2.138441109E-02 -1.079118673E-01 
       550 -4.691590804E-01  2.142965353E-02 -1.551093755E+00 
       551  3.393893042E-01  2.177373520E-02 -1.125397433E-01 
       552 -4.677854894E-01  2.190792753E-02 -1.529166915E+00 
       553  3.364949705E-01  2.216459389E-02 -1.171696981E-01 
       554 -4.663830097E-01  2.238589075E-02 -1.508063690E+00 
       555  3.335798929E-01  2.255687545E-02 -1.217965805E-01 
       556 -4.649517905E-01  2.286349624E-02 -1.487765044E+00 
       557  3.306442503E-01  2.295048305E-02 -1.264251103E-01 
       558 -4.634918625E-01  2.334071948E-02 -1.468250153E+00 
       559  3.276881916E-01  2.334533834E-02 -1.310536028E-01 
       560  3.247119255E-01  2.374132405E-02 -1.356762668E-01 
       561 -4.620033453E-01  2.381750348E-02 -1.449471174E+00 
       562  3.217156308E-01  2.413834889E-02 -1.402975140E-01 
       563 -4.604863588E-01  2.429378757E-02 -1.431387651E+00 
       564  3.186994864E-01  2.453632339E-02 -1.449168121E-01 
       565 -4.589409330E-01  2.476954600E-02 -1.413968278E+00 
       566  3.156636711E-01  2.493514325E-02 -1.495265866E-01 
       567 -4.573671877E-01  2.524471633E-02 -1.397182294E+00 
       568  3.126083934E-01  2.533470427E-02 -1.541358409E-01 
       569 -4.557652424E-01  2.571924475E-02 -1.381004486E+00 
       570  3.095338323E-01  2.573493353E-02 -1.587384681E-01 
       571  3.064401665E-01  2.613570092E-02 -1.633318691E-01 
       572 -4.541351571E-01  2.619308017E-02 -1.365401632E+00 
       573  3.033276047E-01  2.653693357E-02 -1.679187829E-01 
       574 -4.524770810E-01  2.666616277E-02 -1.350352345E+00 
       575  3.001963258E-01  2.693851803E-02 -1.724961190E-01 
       576 -4.507910742E-01  2.713843251E-02 -1.335825713E+00 
       577  2.970465084E-01  2.734037776E-02 -1.770669108E-01 
       578 -4.490772857E-01  2.760982743E-02 -1.321795904E+00 
       579  2.938783912E-01  2.774239549E-02 -1.816236030E-01 
       580 -4.473357758E-01  2.808028550E-02 -1.308241504E+00 
       581  2.906921528E-01  2.814448183E-02 -1.861707976E-01 
       582  2.874879424E-01  2.854655850E-02 -1.907107185E-01 
       583 -4.455666634E-01  2.854975577E-02 -1.295138744E+00 
       584  2.842660281E-01  2.894851925E-02 -1.952373143E-01 
       585 -4.437700682E-01  2.901817391E-02 -1.282487918E+00 
       586  2.810265590E-01  2.935026362E-02 -1.997493723E-01 
       587 -4.419461097E-01  2.948545704E-02 -1.270249854E+00 
       588  2.777697736E-01  2.975170587E-02 -2.042515520E-01 
       589 -4.400948774E-01  2.995153986E-02 -1.258393874E+00 
       590  2.744958207E-01  3.015276212E-02 -2.087393215E-01 
       591 -4.382164906E-01  3.041636084E-02 -1.246915087E+00 
       592  2.712049688E-01  3.055332442E-02 -2.132126533E-01 
       593 -4.363110986E-01  3.087984232E-02 -1.235803038E+00 
       594  2.678973668E-01  3.095331819E-02 -2.176737378E-01 
       595 -4.343787908E-01  3.134191758E-02 -1.225038131E+00 
       596  2.645732233E-01  3.135265030E-02 -2.221189047E-01 
       597  2.612327767E-01  3.175122579E-02 -2.265486809E-01 
       598 -4.324196569E-01  3.180251257E-02 -1.214597736E+00 
       599  2.578762060E-01  3.214896639E-02 -2.309648371E-01 
       600 -4.304338758E-01  3.226154514E-02 -1.204466883E+00 
       601  2.545037495E-01  3.254578268E-02 -2.353648075E-01 
       602 -4.284215369E-01  3.271894861E-02 -1.194644550E+00 
       603  2.511155563E-01  3.294159272E-02 -2.397502887E-01 
       604 -4.263827598E-01  3.317463062E-02 -1.185096369E+00 
       605  2.477118945E-01  3.333631077E-02 -2.441186648E-01 
       606 -4.243176933E-01  3.362853779E-02 -1.175829916E+00 
       607  2.442929431E-01  3.372984752E-02 -2.484688157E-01 
       608 -4.222264569E-01  3.408056047E-02 -1.166826017E+00 
       609  2.408589256E-01  3.412213212E-02 -2.528056830E-01 
       610  2.374100356E-01  3.451308630E-02 -2.571248675E-01 
       611 -4.201091698E-01  3.453064132E-02 -1.158062895E+00 
       612  2.339465117E-01  3.490262073E-02 -2.614274142E-01 
       613 -4.179659813E-01  3.497867376E-02 -1.149538184E+00 
       614  2.304685475E-01  3.529066829E-02 -2.657144692E-01 
       615 -4.157969807E-01  3.542460094E-02 -1.141231644E+00 
       616  2.269763666E-01  3.567714704E-02 -2.699843536E-01 
       617 -4.136023468E-01  3.586833402E-02 -1.133154047E+00 
       618  2.234701925E-01  3.606198247E-02 -2.742371989E-01 
       619 -4.113822289E-01  3.630978389E-02 -1.125284485E+00 
       620  2.199502190E-01  3.644510382E-02 -2.784762379E-01 
       621 -4.091367164E-01  3.674886884E-02 -1.117613465E+00 
       622  2.164166845E-01  3.682644021E-02 -2.826959195E-01 
       623 -4.068659585E-01  3.718547767E-02 -1.110109624E+00 
       624  2.128697826E-01  3.720590988E-02 -2.869000588E-01 
       625  2.093097669E-01  3.758346416E-02 -2.910963535E-01 
       626 -4.045701039E-01  3.761956405E-02 -1.102782838E+00 
       627  2.057368309E-01  3.795901753E-02 -2.952788421E-01 
       628 -4.022493020E-01  3.805102897E-02 -1.095646164E+00 
       629  2.021511982E-01  3.833251033E-02 -2.994499757E-01 
       630 -3.999036721E-01  3.847977206E-02 -1.088657749E+00 
       631  1.985530924E-01  3.870387922E-02 -3.036089525E-01 
       632 -3.975333928E-01  3.890571435E-02 -1.081818153E+00 
       633  1.949427370E-01  3.907305714E-02 -3.077540873E-01 
       634 -3.951385836E-01  3.932877071E-02 -1.075128181E+00 
       635  1.913203555E-01  3.943998076E-02 -3.118839038E-01 
       636 -3.927194232E-01  3.974885165E-02 -1.068576357E+00 
       637  1.876861714E-01  3.980458681E-02 -3.159992637E-01 
       638 -3.902760310E-01  4.016586810E-02 -1.062157848E+00 
       639  1.840404083E-01  4.016682302E-02 -3.201016519E-01 
       640  1.803832898E-01  4.052662239E-02 -3.241877048E-01 
       641 -3.878085559E-01  4.057972696E-02 -1.055851905E+00 
       642  1.767150542E-01  4.088392537E-02 -3.282587908E-01 
       643 -3.853171470E-01  4.099036426E-02 -1.049674916E+00 
       644  1.730358953E-01  4.123868717E-02 -3.323182253E-01 
       645 -3.828019833E-01  4.139764026E-02 -1.043595656E+00 
       646  1.693460813E-01  4.159084446E-02 -3.363622895E-01 
       647 -3.802632136E-01  4.180152635E-02 -1.037620097E+00 
       648  1.656458059E-01  4.194034146E-02 -3.403935698E-01 
       649 -3.777009872E-01  4.220189464E-02 -1.031754749E+00 
       650  1.619353077E-01  4.228713705E-02 -3.444135205E-01 
       651 -3.751154529E-01  4.259868031E-02 -1.025971378E+00 
       652  1.582148250E-01  4.263116802E-02 -3.484223230E-01 
       653  1.544845813E-01  4.297239325E-02 -3.524210998E-01 
       654 -3.725067898E-01  4.299178358E-02 -1.020280768E+00 
       655  1.507448003E-01  4.331074954E-02 -3.564060760E-01 
       656 -3.698751765E-01  4.338112580E-02 -1.014671617E+00 
       657  1.469957203E-01  4.364619590E-02 -3.603838006E-01 
       658 -3.672207026E-01  4.376661449E-02 -1.009139195E+00 
       659  1.432375797E-01  4.397869119E-02 -3.643528078E-01 
       660 -3.645436066E-01  4.414815610E-02 -1.003667297E+00 
       661  1.394705872E-01  4.430817229E-02 -3.683094122E-01 
       662 -3.618440075E-01  4.452569074E-02 -9.982690957E-01 
       663  1.356949962E-01  4.463460560E-02 -3.722611209E-01 
       664 -3.591221142E-01  4.489911482E-02 -9.929371669E-01 
       665  1.319110301E-01  4.495795003E-02 -3.762058511E-01 
       666 -3.563780457E-01  4.526836082E-02 -9.876613159E-01 
       667  1.281189275E-01  4.527814985E-02 -3.801434867E-01 
       668  1.243189266E-01  4.559517140E-02 -3.840772219E-01 
       669 -3.536120109E-01  4.563333595E-02 -9.824453608E-01 
       670  1.205112437E-01  4.590896633E-02 -3.880046672E-01 
       671 -3.508241586E-01  4.599395093E-02 -9.772700805E-01 
       672  1.166961321E-01  4.621949366E-02 -3.919300067E-01 
       673 -3.480146678E-01  4.635014915E-02 -9.721478354E-01 
       674  1.128738227E-01  4.652671602E-02 -3.958513718E-01 
       675 -3.451837174E-01  4.670181639E-02 -9.670653552E-01 
       676  1.090445391E-01  4.683058144E-02 -3.997680890E-01 
       677 -3.423314859E-01  4.704891387E-02 -9.620191869E-01 
       678  1.052085346E-01  4.713106371E-02 -4.036872244E-01 
       679 -3.394581227E-01  4.739134969E-02 -9.570245484E-01 
       680  1.013660327E-01  4.742812179E-02 -4.076053316E-01 
       681  9.751727940E-02  4.772170366E-02 -4.115216764E-01 
       682 -3.365638065E-01  4.772902337E-02 -9.520469817E-01 
       683  9.366250560E-02  4.801177944E-02 -4.154394035E-01 
       684 -3.336487459E-01  4.806188908E-02 -9.470944388E-01 
       685  8.980195720E-02  4.829830817E-02 -4.193574990E-01 
       686 -3.307131198E-01  4.838988398E-02 -9.421869884E-01 
       687  8.593586520E-02  4.858125635E-02 -4.232802296E-01 
       688 -3.277570772E-01  4.871291195E-02 -9.373025340E-01 
       689  8.206446802E-02  4.886059028E-02 -4.272064611E-01 
       690 -3.247808268E-01  4.903090893E-02 -9.324328007E-01 
       691  7.818800410E-02  4.913625797E-02 -4.311330579E-01 
       692 -3.217845473E-01  4.934380804E-02 -9.275837883E-01 
       693  7.430671934E-02  4.940822961E-02 -4.350662947E-01 
       694 -3.187684177E-01  4.965155323E-02 -9.227571310E-01 
       695  7.042085215E-02  4.967647524E-02 -4.390064065E-01 
       696  6.653063353E-02  4.994094655E-02 -4.429492903E-01 
       697 -3.157326167E-01  4.995406671E-02 -9.179444872E-01 
       698  6.263630938E-02  5.020161004E-02 -4.469021472E-01 
       699 -3.126773531E-01  5.025129584E-02 -9.131492430E-01 
       700  5.873811810E-02  5.045843941E-02 -4.508630939E-01 
       701 -3.096028056E-01  5.054314831E-02 -9.083546008E-01 
       702  5.483630560E-02  5.071137903E-02 -4.548307428E-01 
       703 -3.065091529E-01  5.082962249E-02 -9.035776880E-01 
       704  5.093110659E-02  5.096040635E-02 -4.588084751E-01 
       705 -3.033966040E-01  5.111060128E-02 -8.988121489E-01 
       706  4.702276323E-02  5.120547678E-02 -4.627954660E-01 
       707 -3.002653375E-01  5.138607533E-02 -8.940471556E-01 
       708  4.311151768E-02  5.144656042E-02 -4.667938039E-01 
       709 -2.971155322E-01  5.165596038E-02 -8.892955962E-01 
       710  3.919761209E-02  5.168361633E-02 -4.708035708E-01 
       711  3.528128491E-02  5.191661093E-02 -4.748268802E-01 
       712 -2.939474267E-01  5.192022192E-02 -8.845425929E-01 
       713  3.136277830E-02  5.214550322E-02 -4.788601625E-01 
       714 -2.907611997E-01  5.217880459E-02 -8.797989862E-01 
       715  2.744233628E-02  5.237025236E-02 -4.829077084E-01 
       716 -2.875570003E-01  5.243165624E-02 -8.750561648E-01 
       717  2.352019914E-02  5.259083575E-02 -4.869713677E-01 
       718 -2.843350968E-01  5.267870994E-02 -8.703016906E-01 
       719  1.959660906E-02  5.280720137E-02 -4.910481249E-01 
       720 -2.810956380E-01  5.291997575E-02 -8.655544987E-01 
       721  1.567180632E-02  5.301931561E-02 -4.951395698E-01 
       722 -2.778388626E-01  5.315537685E-02 -8.608184791E-01 
       723  1.174603682E-02  5.322713757E-02 -4.992460131E-01 
       724 -2.745649196E-01  5.338488277E-02 -8.560726909E-01 
       725  7.819540849E-03  5.343063361E-02 -5.033685461E-01 
       726 -2.712740771E-01  5.360844895E-02 -8.513288349E-01 
       727  3.892559646E-03  5.362976283E-02 -5.075066254E-01 
       728 -3.466370228E-05  5.382449162E-02 -5.116681144E-01 
       729 -2.679664842E-01  5.382602718E-02 -8.465745025E-01 
       730 -3.961887044E-03  5.401477875E-02 -5.158364251E-01 
       731 -2.646423495E-01  5.403761299E-02 -8.418158485E-01 
       732 -7.888868180E-03  5.420055797E-02 -5.200286942E-01 
       733 -2.613019116E-01  5.424317333E-02 -8.370659626E-01 
       734 -1.181536408E-02  5.438185404E-02 -5.242397411E-01 
       735 -2.579453491E-01  5.444266011E-02 -8.323080600E-01 
       736 -1.574113344E-02  5.455854538E-02 -5.284597785E-01 
       737 -2.545729007E-01  5.463605053E-02 -8.275411312E-01 
       738 -1.966593602E-02  5.473066459E-02 -5.327105779E-01 
       739 -2.511847152E-01  5.482331502E-02 -8.227645052E-01 
       740 -2.358952591E-02  5.489814107E-02 -5.369794693E-01 
       741 -2.477810609E-01  5.500445672E-02 -8.179839493E-01 
       742 -2.751166282E-02  5.506092636E-02 -5.412606688E-01 
       743 -2.443621167E-01  5.517945012E-02 -8.132056560E-01 
       744 -3.143210456E-02  5.521897238E-02 -5.455629420E-01 
       745 -2.409281062E-01  5.534826546E-02 -8.084165510E-01 
       746 -3.535061087E-02  5.537226733E-02 -5.498832195E-01 
       747 -2.374792229E-01  5.551088034E-02 -8.036125008E-01 
       748 -3.926693770E-02  5.552073737E-02 -5.542182527E-01 
       749 -4.318084289E-02  5.566437829E-02 -5.585845545E-01 
       750 -2.340157055E-01  5.566729443E-02 -7.987994811E-01 
       751 -4.709208801E-02  5.580313773E-02 -5.629644212E-01 
       752 -2.305377476E-01  5.581750044E-02 -7.939869306E-01 
       753 -5.100043089E-02  5.593694559E-02 -5.673636092E-01 
       754 -2.270455727E-01  5.596146891E-02 -7.891677426E-01 
       755 -5.490562939E-02  5.606580116E-02 -5.717852685E-01 
       756 -2.235394045E-01  5.609919945E-02 -7.843356065E-01 
       757 -5.880744131E-02  5.618963416E-02 -5.762301509E-01 
       758 -2.200194365E-01  5.623071046E-02 -7.795110527E-01 
       759 -6.270563198E-02  5.630842522E-02 -5.806915760E-01 
       760 -2.164859074E-01  5.635596182E-02 -7.746775633E-01 
       761 -6.659995548E-02  5.642208586E-02 -5.851638148E-01 
       762 -2.129390107E-01  5.647500075E-02 -7.698481927E-01 
       763 -7.049017338E-02  5.653061926E-02 -5.896587398E-01 
       764 -2.093790000E-01  5.658775813E-02 -7.650112693E-01 
       765 -7.437603980E-02  5.663397713E-02 -5.941797219E-01 
       766 -2.058060688E-01  5.669431020E-02 -7.601680639E-01 
       767 -7.825732375E-02  5.673212537E-02 -5.987156735E-01 
       768 -2.022204407E-01  5.679461396E-02 -7.553357116E-01 
       769 -8.213378679E-02  5.682497921E-02 -6.032609916E-01 
       770 -1.986223394E-01  5.688868719E-02 -7.504907832E-01 
       771 -8.600518303E-02  5.691254185E-02 -6.078371604E-01 
       772 -1.950119882E-01  5.697654122E-02 -7.456468942E-01 
       773 -8.987127404E-02  5.699476818E-02 -6.124227269E-01 
       774 -1.913896107E-01  5.705820194E-02 -7.408079302E-01 
       775 -9.373182136E-02  5.707157719E-02 -6.170190245E-01 
       776 -1.877554306E-01  5.713365503E-02 -7.359709934E-01 
       777 -9.758659404E-02  5.714297934E-02 -6.216425324E-01 
       778 -1.841096713E-01  5.720291502E-02 -7.311258847E-01 
       779 -1.014353462E-01  5.720891872E-02 -6.262784944E-01 
       780 -1.804525563E-01  5.726601892E-02 -7.262846273E-01 
       781 -1.052778467E-01  5.726933970E-02 -6.309281373E-01 
       782 -1.767843242E-01  5.732298193E-02 -7.214546711E-01 
       783 -1.091138499E-01  5.732421234E-02 -6.355860396E-01 
       784 -1.129431321E-01  5.737349605E-02 -6.402699396E-01 
       785 -1.731051685E-01  5.737380061E-02 -7.166251022E-01 
       786 -1.167654400E-01  5.741718592E-02 -6.449638024E-01 
       787 -1.694153577E-01  5.741850802E-02 -7.117945730E-01 
       788 -1.205805500E-01  5.745517544E-02 -6.496661377E-01 
       789 -1.657150854E-01  5.745713038E-02 -7.069732761E-01 
       790 -1.243882313E-01  5.748749316E-02 -6.543857359E-01 
       791 -1.620045900E-01  5.748967908E-02 -7.021539126E-01 
       792 -1.281882303E-01  5.751406176E-02 -6.591181812E-01 
       793 -1.582841101E-01  5.751619106E-02 -6.973416428E-01 
       794 -1.319803311E-01  5.753488401E-02 -6.638691446E-01 
       795 -1.545538690E-01  5.753667050E-02 -6.925318619E-01 
       796 -1.357642952E-01  5.754988228E-02 -6.686192140E-01 
       797 -1.508140905E-01  5.755118003E-02 -6.877303340E-01 
       798 -1.395398842E-01  5.755903433E-02 -6.733813018E-01 
       799 -1.470650128E-01  5.755972413E-02 -6.829433321E-01 
       800 -1.433068745E-01  5.756232862E-02 -6.781580890E-01 
