nodenumber     x-coordinate     y-coordinate pressure-coefficient 
         1 -3.421918680E-01 -4.373791738E-02 -7.447454109E-01 
         2 -3.393184888E-01 -4.373550188E-02 -7.325285058E-01 
         3 -3.450441162E-01 -4.373447481E-02 -7.571847225E-01 
         4 -3.364241575E-01 -4.372736642E-02 -7.205121306E-01 
         5 -3.478750845E-01 -4.372506903E-02 -7.698517187E-01 
         6 -3.335090825E-01 -4.371366362E-02 -7.087075199E-01 
         7 -3.506845940E-01 -4.370951625E-02 -7.827553957E-01 
         8 -3.305734428E-01 -4.369454496E-02 -6.971228500E-01 
         9 -3.534724659E-01 -4.368771359E-02 -7.959057967E-01 
        10 -3.276173873E-01 -4.367012311E-02 -6.857458204E-01 
        11 -3.562385216E-01 -4.365949549E-02 -8.092863752E-01 
        12 -3.246411246E-01 -4.364054658E-02 -6.745700512E-01 
        13 -3.589826120E-01 -4.362474510E-02 -8.228983877E-01 
        14 -3.216448335E-01 -4.360594957E-02 -6.636007963E-01 
        15 -3.617045286E-01 -4.358331819E-02 -8.367301772E-01 
        16 -3.186286928E-01 -4.356647315E-02 -6.528359031E-01 
        17 -3.644041521E-01 -4.353508046E-02 -8.507816296E-01 
        18 -3.155928814E-01 -4.352224448E-02 -6.422704165E-01 
        19 -3.670812741E-01 -4.347990525E-02 -8.650559722E-01 
        20 -3.125376078E-01 -4.347341107E-02 -6.319089047E-01 
        21 -3.094630508E-01 -4.342007213E-02 -6.217360513E-01 
        22 -3.697357753E-01 -4.341764796E-02 -8.795324059E-01 
        23 -3.063693893E-01 -4.336241071E-02 -6.117641864E-01 
        24 -3.723674174E-01 -4.334816360E-02 -8.942161900E-01 
        25 -3.032568318E-01 -4.330050064E-02 -6.019852668E-01 
        26 -3.749761111E-01 -4.327135031E-02 -9.091062489E-01 
        27 -3.001255572E-01 -4.323452511E-02 -5.923964602E-01 
        28 -3.775616775E-01 -4.318705721E-02 -9.242052132E-01 
        29 -2.969757443E-01 -4.316456082E-02 -5.830018418E-01 
        30 -3.801239381E-01 -4.309518236E-02 -9.395000443E-01 
        31 -2.938076316E-01 -4.309076654E-02 -5.737868484E-01 
        32 -2.906213978E-01 -4.301325036E-02 -5.647640340E-01 
        33 -3.826627438E-01 -4.299556759E-02 -9.549982405E-01 
        34 -2.874171919E-01 -4.293212400E-02 -5.559181984E-01 
        35 -3.851779456E-01 -4.288813598E-02 -9.706968393E-01 
        36 -2.841952822E-01 -4.284750378E-02 -5.472459136E-01 
        37 -3.876693947E-01 -4.277271581E-02 -9.865718197E-01 
        38 -2.809558177E-01 -4.275953347E-02 -5.387558281E-01 
        39 -2.776990369E-01 -4.266830663E-02 -5.304464469E-01 
        40 -3.901369124E-01 -4.264922611E-02 -1.002640644E+00 
        41 -2.744250887E-01 -4.257393135E-02 -5.223035723E-01 
        42 -3.925803497E-01 -4.251754558E-02 -1.018879183E+00 
        43 -2.711342414E-01 -4.247652268E-02 -5.143315445E-01 
        44 -3.949995578E-01 -4.237755515E-02 -1.035280975E+00 
        45 -2.678266439E-01 -4.237617787E-02 -5.065253628E-01 
        46 -2.645025050E-01 -4.227301188E-02 -4.988842134E-01 
        47 -3.973944175E-01 -4.222915748E-02 -1.051865560E+00 
        48 -2.611620631E-01 -4.216712136E-02 -4.914079808E-01 
        49 -3.997647501E-01 -4.207225248E-02 -1.068622559E+00 
        50 -2.578054970E-01 -4.205859566E-02 -4.840888282E-01 
        51 -2.544330450E-01 -4.194752452E-02 -4.769218283E-01 
        52 -4.021104366E-01 -4.190671454E-02 -1.085539666E+00 
        53 -2.510448563E-01 -4.183400848E-02 -4.699064747E-01 
        54 -4.044312982E-01 -4.173245708E-02 -1.102617253E+00 
        55 -2.476411991E-01 -4.171815114E-02 -4.630487066E-01 
        56 -2.442222522E-01 -4.160002693E-02 -4.563448350E-01 
        57 -4.067272160E-01 -4.154939098E-02 -1.119878934E+00 
        58 -2.407882391E-01 -4.147971058E-02 -4.497849627E-01 
        59 -4.089980410E-01 -4.135744163E-02 -1.137311138E+00 
        60 -2.373393536E-01 -4.135728396E-02 -4.433668266E-01 
        61 -2.338758341E-01 -4.123282887E-02 -4.370906155E-01 
        62 -4.112436245E-01 -4.115647728E-02 -1.154860273E+00 
        63 -2.303978743E-01 -4.110641948E-02 -4.309544991E-01 
        64 -2.269056978E-01 -4.097811911E-02 -4.249552790E-01 
        65 -4.134638174E-01 -4.094644695E-02 -1.172518234E+00 
        66 -2.233995281E-01 -4.084799187E-02 -4.190791912E-01 
        67 -4.156585307E-01 -4.072726999E-02 -1.190270397E+00 
        68 -2.198795589E-01 -4.071612902E-02 -4.133329125E-01 
        69 -2.163460287E-01 -4.058255504E-02 -4.077080776E-01 
        70 -4.178276156E-01 -4.049886500E-02 -1.208145710E+00 
        71 -2.127991312E-01 -4.044737132E-02 -4.022104551E-01 
        72 -2.092391198E-01 -4.031057359E-02 -3.968304009E-01 
        73 -4.199708932E-01 -4.026119008E-02 -1.226121186E+00 
        74 -2.056661881E-01 -4.017227464E-02 -3.915645511E-01 
        75 -2.020805597E-01 -4.003248687E-02 -3.864216258E-01 
        76 -4.220882748E-01 -4.001412882E-02 -1.244173666E+00 
        77 -1.984824581E-01 -3.989126922E-02 -3.813851107E-01 
        78 -4.241796111E-01 -3.975765969E-02 -1.262300771E+00 
        79 -1.948721069E-01 -3.974865596E-02 -3.764575679E-01 
        80 -1.912497297E-01 -3.960470929E-02 -3.716377953E-01 
        81 -4.262447835E-01 -3.949170687E-02 -1.280484487E+00 
        82 -1.876155499E-01 -3.945944810E-02 -3.669249150E-01 
        83 -1.839697910E-01 -3.931290268E-02 -3.623070204E-01 
        84 -4.282836728E-01 -3.921624282E-02 -1.298717483E+00 
        85 -1.803126767E-01 -3.916512113E-02 -3.577866092E-01 
        86 -1.766444453E-01 -3.901613983E-02 -3.533678995E-01 
        87 -4.302961305E-01 -3.893120615E-02 -1.316937944E+00 
        88 -1.729652906E-01 -3.886595981E-02 -3.490392493E-01 
        89 -1.692754809E-01 -3.871462510E-02 -3.447973169E-01 
        90 -4.322820375E-01 -3.863655180E-02 -1.335140598E+00 
        91 -1.655752098E-01 -3.856215065E-02 -3.406452630E-01 
        92 -1.618647157E-01 -3.840855527E-02 -3.365747326E-01 
        93 -4.342413047E-01 -3.833225687E-02 -1.353304743E+00 
        94 -1.581442373E-01 -3.825386439E-02 -3.325876748E-01 
        95 -1.544139979E-01 -3.809807895E-02 -3.286774938E-01 
        96 -4.361737538E-01 -3.801828208E-02 -1.371414442E+00 
        97 -1.506742210E-01 -3.794123523E-02 -3.248439039E-01 
        98 -1.469251453E-01 -3.778333325E-02 -3.210890290E-01 
        99 -4.380792954E-01 -3.769462226E-02 -1.389459031E+00 
       100 -1.431670090E-01 -3.762437368E-02 -3.174008782E-01 
       101 -1.394000208E-01 -3.746438180E-02 -3.137822347E-01 
       102 -4.399578408E-01 -3.736123475E-02 -1.407395586E+00 
       103 -1.356244341E-01 -3.730335392E-02 -3.102325139E-01 
       104 -1.318404723E-01 -3.714128647E-02 -3.067433179E-01 
       105 -4.418092412E-01 -3.701811874E-02 -1.425206313E+00 
       106 -1.280483740E-01 -3.697818356E-02 -3.033115750E-01 
       107 -1.242483775E-01 -3.681406308E-02 -2.999411158E-01 
       108 -4.436333778E-01 -3.666526384E-02 -1.442834914E+00 
       109 -1.204406989E-01 -3.664891448E-02 -2.966272767E-01 
       110 -1.166255917E-01 -3.648275115E-02 -2.933711995E-01 
       111 -1.128032867E-01 -3.631553087E-02 -2.901608776E-01 
       112 -4.454301618E-01 -3.630265202E-02 -1.460248925E+00 
       113 -1.089740075E-01 -3.614730348E-02 -2.869995117E-01 
       114 -1.051380074E-01 -3.597803269E-02 -2.838921669E-01 
       115 -4.471994741E-01 -3.593031913E-02 -1.477461894E+00 
       116 -1.012955100E-01 -3.580771849E-02 -2.808231233E-01 
       117 -9.744676116E-02 -3.563636041E-02 -2.777998321E-01 
       118 -4.489411961E-01 -3.554827434E-02 -1.494396166E+00 
       119 -9.359199183E-02 -3.546394094E-02 -2.748133718E-01 
       120 -8.973144798E-02 -3.529048418E-02 -2.718698631E-01 
       121 -4.506552096E-01 -3.515650425E-02 -1.511000373E+00 
       122 -8.586536050E-02 -3.511593986E-02 -2.689625155E-01 
       123 -8.199396788E-02 -3.494032957E-02 -2.660834027E-01 
       124 -7.811750857E-02 -3.476364527E-02 -2.632437332E-01 
       125 -4.523414548E-01 -3.475504764E-02 -1.527239312E+00 
       126 -7.423622839E-02 -3.458585839E-02 -2.604300927E-01 
       127 -7.035036584E-02 -3.440698663E-02 -2.576446920E-01 
       128 -4.539997839E-01 -3.434392189E-02 -1.543049056E+00 
       129 -6.646015186E-02 -3.422701189E-02 -2.548885886E-01 
       130 -6.256583239E-02 -3.404593696E-02 -2.521590402E-01 
       131 -4.556301374E-01 -3.392316666E-02 -1.558400609E+00 
       132 -5.866764580E-02 -3.386372962E-02 -2.494502036E-01 
       133 -5.476583803E-02 -3.368040756E-02 -2.467614190E-01 
       134 -5.086064373E-02 -3.349595300E-02 -2.440937386E-01 
       135 -4.572323673E-01 -3.349283161E-02 -1.573228779E+00 
       136 -4.695230515E-02 -3.331037948E-02 -2.414469806E-01 
       137 -4.304106435E-02 -3.312365139E-02 -2.388160934E-01 
       138 -4.588064145E-01 -3.305294698E-02 -1.587470333E+00 
       139 -3.912716355E-02 -3.293579384E-02 -2.361985128E-01 
       140 -3.521084117E-02 -3.274679583E-02 -2.336003877E-01 
       141 -4.603521607E-01 -3.260357245E-02 -1.601058002E+00 
       142 -3.129233938E-02 -3.255665363E-02 -2.310143669E-01 
       143 -2.737190220E-02 -3.236536351E-02 -2.284400322E-01 
       144 -2.344976992E-02 -3.217292183E-02 -2.258748781E-01 
       145 -4.618694874E-01 -3.214477187E-02 -1.613926524E+00 
       146 -1.952618469E-02 -3.197932879E-02 -2.233184816E-01 
       147 -1.560138679E-02 -3.178459241E-02 -2.207676521E-01 
       148 -4.633583656E-01 -3.167659380E-02 -1.626002386E+00 
       149 -1.167562220E-02 -3.158874024E-02 -2.182333591E-01 
       150 -7.749131066E-03 -3.139171984E-02 -2.156999728E-01 
       151 -4.648186771E-01 -3.119911165E-02 -1.637206612E+00 
       152 -3.822154767E-03 -3.119360250E-02 -2.131722149E-01 
       153  1.050637107E-04 -3.099434381E-02 -2.106544921E-01 
       154  4.032282162E-03 -3.079397829E-02 -2.081344889E-01 
       155 -4.662503035E-01 -3.071241839E-02 -1.647470602E+00 
       156  7.959258446E-03 -3.059250817E-02 -2.056216146E-01 
       157  1.188574946E-02 -3.038995008E-02 -2.031105184E-01 
       158 -4.676532161E-01 -3.021657263E-02 -1.656692896E+00 
       159  1.581151398E-02 -3.018631518E-02 -2.006029955E-01 
       160  1.973631172E-02 -2.998161479E-02 -1.980966816E-01 
       161  2.365989679E-02 -2.977586583E-02 -1.955909647E-01 
       162 -4.690272672E-01 -2.971167200E-02 -1.664753615E+00 
       163  2.758202889E-02 -2.956909054E-02 -1.930866446E-01 
       164  3.150246585E-02 -2.936130739E-02 -1.905843608E-01 
       165 -4.703723980E-01 -2.919780908E-02 -1.671591767E+00 
       166  3.542096740E-02 -2.915252978E-02 -1.880817752E-01 
       167  3.933728952E-02 -2.894278394E-02 -1.855775577E-01 
       168  4.325119002E-02 -2.873210096E-02 -1.830757897E-01 
       169 -4.716885201E-01 -2.867509949E-02 -1.677094296E+00 
       170  4.716243050E-02 -2.852049279E-02 -1.805732788E-01 
       171  5.107076877E-02 -2.830799803E-02 -1.780700313E-01 
       172 -4.729755761E-01 -2.814361609E-02 -1.681131526E+00 
       173  5.497596271E-02 -2.809463747E-02 -1.755679255E-01 
       174  5.887777013E-02 -2.788044274E-02 -1.730645952E-01 
       175  6.277595634E-02 -2.766544374E-02 -1.705614087E-01 
       176 -4.742334771E-01 -2.760349133E-02 -1.683602776E+00 
       177  6.667027545E-02 -2.744967399E-02 -1.680580995E-01 
       178  7.056048903E-02 -2.723316707E-02 -1.655553231E-01 
       179 -4.754621654E-01 -2.705483086E-02 -1.684402085E+00 
       180  7.444635120E-02 -2.701595850E-02 -1.630527951E-01 
       181  7.832763096E-02 -2.679808719E-02 -1.605518371E-01 
       182  8.220408990E-02 -2.657958503E-02 -1.580518658E-01 
       183 -4.766615231E-01 -2.649778348E-02 -1.683387865E+00 
       184  8.607548212E-02 -2.636049299E-02 -1.555528283E-01 
       185  8.994156922E-02 -2.614085049E-02 -1.530549248E-01 
       186 -4.778314928E-01 -2.593245486E-02 -1.680420194E+00 
       187  9.380211271E-02 -2.592070710E-02 -1.505613537E-01 
       188  9.765688166E-02 -2.570008793E-02 -1.480696764E-01 
       189  1.015056301E-01 -2.547904829E-02 -1.455798411E-01 
       190 -4.789720159E-01 -2.535899066E-02 -1.675382082E+00 
       191  1.053481272E-01 -2.525762404E-02 -1.430945908E-01 
       192  1.091841270E-01 -2.503586716E-02 -1.406124983E-01 
       193  1.130134059E-01 -2.481382205E-02 -1.381374705E-01 
       194 -4.800830354E-01 -2.477751534E-02 -1.668123330E+00 
       195  1.168357107E-01 -2.459152481E-02 -1.356659906E-01 
       196  1.206508177E-01 -2.436903268E-02 -1.332000157E-01 
       197 -4.811644337E-01 -2.418820166E-02 -1.658490076E+00 
       198  1.244584961E-01 -2.414638694E-02 -1.307418903E-01 
       199  1.282584924E-01 -2.392363954E-02 -1.282908092E-01 
       200  1.320505906E-01 -2.370083348E-02 -1.258482618E-01 
       201 -4.822162131E-01 -2.359116334E-02 -1.646344542E+00 
       202  1.358345523E-01 -2.347801728E-02 -1.234135380E-01 
       203  1.396101390E-01 -2.325524293E-02 -1.209886952E-01 
       204  1.433771272E-01 -2.303255515E-02 -1.185744844E-01 
       205 -4.832382861E-01 -2.298657688E-02 -1.631528588E+00 
       206  1.471352636E-01 -2.281000069E-02 -1.161702941E-01 
       207  1.508843395E-01 -2.258762994E-02 -1.137767184E-01 
       208 -4.842305664E-01 -2.237460518E-02 -1.613834153E+00 
       209  1.546241165E-01 -2.236549634E-02 -1.113973526E-01 
       210  1.583543561E-01 -2.214363597E-02 -1.090300064E-01 
       211  1.620748349E-01 -2.192210424E-02 -1.066752251E-01 
       212 -4.851930257E-01 -2.175540868E-02 -1.593166888E+00 
       213  1.657853293E-01 -2.170094260E-02 -1.043348196E-01 
       214  1.694856008E-01 -2.148020647E-02 -1.020094535E-01 
       215  1.731754111E-01 -2.125993704E-02 -9.970088642E-02 
       216 -4.861255778E-01 -2.112917944E-02 -1.569401269E+00 
       217  1.768545663E-01 -2.104017901E-02 -9.740763015E-02 
       218  1.805227983E-01 -2.082098054E-02 -9.513220667E-02 
       219  1.841799134E-01 -2.060237745E-02 -9.287342926E-02 
       220 -4.870281961E-01 -2.049606096E-02 -1.542378824E+00 
       221  1.878256730E-01 -2.038441975E-02 -9.063224636E-02 
       222  1.914598537E-01 -2.016714845E-02 -8.841061195E-02 
       223  1.950822319E-01 -1.995060436E-02 -8.620849754E-02 
       224 -4.879008229E-01 -1.985624870E-02 -1.511982774E+00 
       225  1.986925841E-01 -1.973482319E-02 -8.402534396E-02 
       226  2.022906867E-01 -1.951984935E-02 -8.186243792E-02 
       227  2.058763163E-01 -1.930571842E-02 -7.972061843E-02 
       228 -4.887434025E-01 -1.920992160E-02 -1.478157936E+00 
       229  2.094492492E-01 -1.909247092E-02 -7.760103842E-02 
       230  2.130092621E-01 -1.888013354E-02 -7.550257111E-02 
       231  2.165561610E-01 -1.866874853E-02 -7.342612014E-02 
       232 -4.895559075E-01 -1.855725831E-02 -1.440814606E+00 
       233  2.200896927E-01 -1.845834402E-02 -7.137356002E-02 
       234  2.236096634E-01 -1.824894973E-02 -6.934287807E-02 
       235  2.271158348E-01 -1.804059545E-02 -6.733541854E-02 
       236 -4.903382223E-01 -1.789850921E-02 -1.399555496E+00 
       237  2.306080131E-01 -1.783330732E-02 -6.535097925E-02 
       238  2.340859747E-01 -1.762711505E-02 -6.339030722E-02 
       239  2.375494961E-01 -1.742204444E-02 -6.145481383E-02 
       240 -4.910903802E-01 -1.723380127E-02 -1.354201538E+00 
       241  2.409983836E-01 -1.721811258E-02 -5.954314434E-02 
       242  2.444323987E-01 -1.701534711E-02 -5.765550892E-02 
       243  2.478513477E-01 -1.681376461E-02 -5.579354323E-02 
       244  2.512550071E-01 -1.661337842E-02 -5.395480271E-02 
       245 -4.918123245E-01 -1.656334994E-02 -1.304813444E+00 
       246  2.546431981E-01 -1.641420685E-02 -5.214017013E-02 
       247  2.580156523E-01 -1.621626512E-02 -5.034966490E-02 
       248  2.613722208E-01 -1.601956941E-02 -4.858433358E-02 
       249 -4.925039695E-01 -1.588739901E-02 -1.251322245E+00 
       250  2.647126652E-01 -1.582412565E-02 -4.684381670E-02 
       251  2.680368066E-01 -1.562994460E-02 -4.512707498E-02 
       252  2.713444065E-01 -1.543703033E-02 -4.343407844E-02 
       253  2.746352564E-01 -1.524539373E-02 -4.176409481E-02 
       254 -4.931653185E-01 -1.520611503E-02 -1.193684168E+00 
       255  2.779092072E-01 -1.505503465E-02 -4.011868931E-02 
       256  2.811659906E-01 -1.486595606E-02 -3.849552569E-02 
       257  2.844054577E-01 -1.467815851E-02 -3.689512690E-02 
       258 -4.937963149E-01 -1.451973659E-02 -1.131894512E+00 
       259  2.876273700E-01 -1.449163862E-02 -3.531659544E-02 
       260  2.908315785E-01 -1.430639605E-02 -3.375950652E-02 
       261  2.940178149E-01 -1.412242892E-02 -3.222436448E-02 
       262  2.971859302E-01 -1.393972860E-02 -3.071021443E-02 
       263 -4.943969029E-01 -1.382849885E-02 -1.065934454E+00 
       264  3.003357456E-01 -1.375828249E-02 -2.921483921E-02 
       265  3.034670226E-01 -1.357809173E-02 -2.773940506E-02 
       266  3.065795825E-01 -1.339913736E-02 -2.628225638E-02 
       267  3.096732463E-01 -1.322141483E-02 -2.484303106E-02 
       268 -4.949671152E-01 -1.313253728E-02 -9.958801958E-01 
       269  3.127478055E-01 -1.304490259E-02 -2.342048318E-02 
       270  3.158030811E-01 -1.286959624E-02 -2.201317202E-02 
       271  3.188388945E-01 -1.269547625E-02 -2.062301364E-02 
       272  3.218550369E-01 -1.252252598E-02 -1.924603005E-02 
       273 -4.955068648E-01 -1.243214663E-02 -9.218286815E-01 
       274  3.248513296E-01 -1.235073026E-02 -1.788234365E-02 
       275  3.278275936E-01 -1.218006860E-02 -1.653123525E-02 
       276  3.307836502E-01 -1.201052160E-02 -1.519029702E-02 
       277  3.337192907E-01 -1.184207478E-02 -1.386001478E-02 
       278 -4.960161251E-01 -1.172753742E-02 -8.437375648E-01 
       279  3.366343661E-01 -1.167470046E-02 -1.253870691E-02 
       280  3.395286976E-01 -1.150837914E-02 -1.122359156E-02 
       281  3.424020766E-01 -1.134309464E-02 -9.915368343E-03 
       282  3.452543241E-01 -1.117882266E-02 -8.613241933E-03 
       283 -4.964948678E-01 -1.101894088E-02 -7.617908285E-01 
       284  3.480852913E-01 -1.101553666E-02 -7.313008705E-03 
       285  3.508947991E-01 -1.085322173E-02 -6.016392270E-03 
       286  3.536826690E-01 -1.069184532E-02 -4.719972026E-03 
       287  3.564487219E-01 -1.053139525E-02 -3.422669257E-03 
       288  3.591928088E-01 -1.037183868E-02 -2.123898169E-03 
       289 -4.969430947E-01 -1.030653997E-02 -6.763534925E-01 
       290  3.619147213E-01 -1.021316114E-02 -8.202797736E-04 
       291  3.646143399E-01 -1.005533390E-02  4.877002257E-04 
       292  3.672914561E-01 -9.898337447E-03  1.803502341E-03 
       293  3.699459507E-01 -9.742149357E-03  3.127904253E-03 
       294 -4.973607470E-01 -9.590615678E-03 -5.877799059E-01 
       295  3.725775852E-01 -9.586753430E-03  4.461158796E-03 
       296  3.751862702E-01 -9.432119530E-03  5.807469968E-03 
       297  3.777718269E-01 -9.278234782E-03  7.166858484E-03 
       298  3.803340764E-01 -9.125073982E-03  8.542343462E-03 
       299  3.828728698E-01 -8.972626600E-03  9.934196143E-03 
       300 -4.977477955E-01 -8.871409463E-03 -4.964658578E-01 
       301  3.853880579E-01 -8.820862347E-03  1.134578322E-02 
       302  3.878794919E-01 -8.669776358E-03  1.277882883E-02 
       303  3.903469928E-01 -8.519346891E-03  1.423243756E-02 
       304  3.927904116E-01 -8.369562547E-03  1.571170353E-02 
       305  3.952095993E-01 -8.220409227E-03  1.721595917E-02 
       306 -4.981042391E-01 -8.149116599E-03 -4.028530894E-01 
       307  3.976044366E-01 -8.071870342E-03  1.874865528E-02 
       308  3.999747449E-01 -7.923937665E-03  2.031191533E-02 
       309  4.023204048E-01 -7.776603151E-03  2.190653862E-02 
       310  4.046412374E-01 -7.629861357E-03  2.353344451E-02 
       311  4.069371236E-01 -7.483699448E-03  2.519554819E-02 
       312 -4.984300469E-01 -7.423984007E-03 -3.074172612E-01 
       313  4.092079145E-01 -7.338112104E-03  2.689733992E-02 
       314  4.114534608E-01 -7.193106290E-03  2.863683421E-02 
       315  4.136736137E-01 -7.048675297E-03  3.041491607E-02 
       316  4.158682836E-01 -6.904814742E-03  3.223761511E-02 
       317  4.180373217E-01 -6.761529280E-03  3.410406037E-02 
       318 -4.987252160E-01 -6.696202717E-03 -2.106662936E-01 
       319  4.201805490E-01 -6.618820994E-03  3.601872267E-02 
       320  4.222978761E-01 -6.476703378E-03  3.798008828E-02 
       321  4.243891540E-01 -6.335175382E-03  3.999073440E-02 
       322  4.264542635E-01 -6.194253168E-03  4.205356222E-02 
       323  4.284930855E-01 -6.053939619E-03  4.416927843E-02 
       324 -4.989896833E-01 -5.966111525E-03 -1.132532655E-01 
       325  4.305054707E-01 -5.914255447E-03  4.634215952E-02 
       326  4.324913001E-01 -5.775216380E-03  4.856913916E-02 
       327  4.344504843E-01 -5.636830602E-03  5.085654042E-02 
       328  4.363828443E-01 -5.499129225E-03  5.320424864E-02 
       329  4.382882909E-01 -5.362125158E-03  5.561343162E-02 
       330 -4.992234436E-01 -5.233921953E-03 -1.607601836E-02 
       331  4.401667344E-01 -5.225842500E-03  5.808715151E-02 
       332  4.420180261E-01 -5.090304091E-03  6.062677195E-02 
       333  4.438420467E-01 -4.955543623E-03  6.323443659E-02 
       334  4.456387066E-01 -4.821588841E-03  6.590816775E-02 
       335  4.474078868E-01 -4.688463146E-03  6.865283498E-02 
       336  4.491494680E-01 -4.556199082E-03  7.147328325E-02 
       337 -4.994264911E-01 -4.499826913E-03  8.066837849E-02 
       338  4.508633310E-01 -4.424839640E-03  7.436674483E-02 
       339  4.525494162E-01 -4.294414940E-03  7.733387038E-02 
       340  4.542075746E-01 -4.164966176E-03  8.038042170E-02 
       341  4.558377465E-01 -4.036525994E-03  8.350805257E-02 
       342  4.574397830E-01 -3.909140501E-03  8.671592520E-02 
       343  4.590136245E-01 -3.782849330E-03  9.000506537E-02 
       344 -4.995987885E-01 -3.764137199E-03  1.764503290E-01 
       345  4.605591517E-01 -3.657698024E-03  9.337817554E-02 
       346  4.620762454E-01 -3.533734312E-03  9.683754501E-02 
       347  4.635648759E-01 -3.411000806E-03  1.003841295E-01 
       348  4.650249238E-01 -3.289543573E-03  1.040208055E-01 
       349  4.664562702E-01 -3.169413847E-03  1.077512027E-01 
       350  4.678588850E-01 -3.050660039E-03  1.115754497E-01 
       351 -4.997403274E-01 -3.027064610E-03  2.698540296E-01 
       352  4.692326194E-01 -2.933340373E-03  1.154944116E-01 
       353  4.705774136E-01 -2.817504822E-03  1.195089312E-01 
       354  4.718931784E-01 -2.703200900E-03  1.236256527E-01 
       355  4.731798541E-01 -2.590488311E-03  1.278446864E-01 
       356  4.744373513E-01 -2.479417197E-03  1.321679259E-01 
       357  4.756656103E-01 -2.370043736E-03  1.365983058E-01 
       358 -4.998510985E-01 -2.288787124E-03  3.598959835E-01 
       359  4.768645122E-01 -2.262419788E-03  1.411419675E-01 
       360  4.780339970E-01 -2.156613604E-03  1.457982223E-01 
       361  4.791740054E-01 -2.052670850E-03  1.505672404E-01 
       362  4.802844777E-01 -1.950646953E-03  1.554603056E-01 
       363  4.813652948E-01 -1.850608310E-03  1.604761136E-01 
       364  4.824164565E-01 -1.752604499E-03  1.656159349E-01 
       365  4.834378736E-01 -1.656688791E-03  1.708909580E-01 
       366  4.844294565E-01 -1.562930117E-03  1.763005403E-01 
       367 -4.999310612E-01 -1.549719737E-03  4.454513088E-01 
       368  4.853911756E-01 -1.471369627E-03  1.818507709E-01 
       369  4.863229414E-01 -1.382069354E-03  1.875549135E-01 
       370  4.872247241E-01 -1.295087303E-03  1.934091291E-01 
       371  4.880964643E-01 -1.210470436E-03  1.994263502E-01 
       372  4.889381020E-01 -1.128280950E-03  2.056135150E-01 
       373  4.897496077E-01 -1.048562370E-03  2.119778536E-01 
       374  4.905308623E-01 -9.713748500E-04  2.185361920E-01 
       375  4.912818953E-01 -8.967666481E-04  2.252922646E-01 
       376  4.920026473E-01 -8.247808876E-04  2.322642706E-01 
       377 -4.999802350E-01 -8.095686136E-04  5.261669591E-01 
       378  4.926930290E-01 -7.554778157E-04  2.394680924E-01 
       379  4.933530401E-01 -6.888989564E-04  2.469156113E-01 
       380  4.939826211E-01 -6.250872866E-04  2.546339923E-01 
       381  4.945817127E-01 -5.640912721E-04  2.626494027E-01 
       382  4.951503442E-01 -5.059501389E-04  2.709831631E-01 
       383  4.956884268E-01 -4.507028128E-04  2.796764925E-01 
       384  4.961959304E-01 -3.983989799E-04  2.887672775E-01 
       385  4.966728249E-01 -3.490718830E-04  2.982980832E-01 
       386  4.971191107E-01 -3.027495062E-04  3.083428477E-01 
       387  4.975347284E-01 -2.594721105E-04  3.189770803E-01 
       388  4.979196474E-01 -2.192734866E-04  3.302935010E-01 
       389  4.982738689E-01 -1.821788191E-04  3.424236590E-01 
       390  4.985973616E-01 -1.482177943E-04  3.555470683E-01 
       391  4.988901269E-01 -1.174083072E-04  3.698619628E-01 
       392  4.991521043E-01 -8.978126698E-05  3.858734443E-01 
       393 -4.999985471E-01 -6.976782678E-05  6.008074314E-01 
       394  4.993832945E-01 -6.535639754E-05  4.032258517E-01 
       395  4.995836975E-01 -4.415630601E-05  4.248586558E-01 
       396  4.996831396E-01 -3.360868985E-05  4.408170390E-01 
       397  4.997903913E-01 -2.223273398E-05  4.647721139E-01 
       398  4.998810927E-01 -1.261223689E-05  4.949235450E-01 
       399  4.999433105E-01 -6.012932779E-06  5.265748500E-01 
       400  4.999801116E-01 -2.109523230E-06  5.674202728E-01 
       401  5.000000000E-01  0.000000000E+00  5.838767065E-01 
       402  4.999802185E-01  2.948269669E-06  5.687163836E-01 
       403  4.999318551E-01  1.015642936E-05  5.187124242E-01 
       404  4.998373339E-01  2.424405102E-05  4.816820572E-01 
       405  4.997133922E-01  4.271652900E-05  4.513289201E-01 
       406  4.996144847E-01  5.745787735E-05  4.345718568E-01 
       407  4.994448979E-01  8.272646400E-05  4.147879636E-01 
       408  4.992444933E-01  1.126004470E-04  3.988695450E-01 
       409  4.990133008E-01  1.470723851E-04  3.842815541E-01 
       410  4.987513205E-01  1.861350719E-04  3.711920515E-01 
       411  4.984585522E-01  2.297991814E-04  3.592387792E-01 
       412  4.981350555E-01  2.780400466E-04  3.482457517E-01 
       413  4.977808306E-01  3.308863922E-04  3.380409319E-01 
       414  4.973959072E-01  3.883137414E-04  3.285255954E-01 
       415  4.969802853E-01  4.503421931E-04  3.195838124E-01 
       416  4.965339947E-01  5.169563273E-04  3.111656316E-01 
       417 -4.999863489E-01  5.417823716E-04  6.614737669E-01 
       418  4.960570951E-01  5.881494835E-04  3.031988290E-01 
       419  4.955495863E-01  6.639330980E-04  2.956141350E-01 
       420  4.950114982E-01  7.443093678E-04  2.883880249E-01 
       421  4.944428607E-01  8.292539286E-04  2.814833364E-01 
       422  4.938437631E-01  9.187777602E-04  2.748541073E-01 
       423  4.932141757E-01  1.012874235E-03  2.684925186E-01 
       424  4.925541580E-01  1.111535908E-03  2.623651408E-01 
       425 -4.999435656E-01  1.153957835E-03  7.224763941E-01 
       426  4.918637696E-01  1.214764636E-03  2.564423178E-01 
       427  4.911430106E-01  1.322561922E-03  2.507192363E-01 
       428  4.903919703E-01  1.434902060E-03  2.451750073E-01 
       429  4.896107084E-01  1.551794921E-03  2.397880588E-01 
       430  4.887991951E-01  1.673231434E-03  2.345622678E-01 
       431 -4.998699269E-01  1.765641904E-03  7.802520644E-01 
       432  4.879575496E-01  1.799194382E-03  2.294699969E-01 
       433  4.870858017E-01  1.929692115E-03  2.245080078E-01 
       434  4.861840109E-01  2.064696961E-03  2.196678336E-01 
       435  4.852522370E-01  2.204216337E-03  2.149309606E-01 
       436  4.842905096E-01  2.348230112E-03  2.103093112E-01 
       437 -4.997653788E-01  2.377134407E-03  8.340579723E-01 
       438  4.832989183E-01  2.496718521E-03  2.057793302E-01 
       439  4.822774929E-01  2.649695485E-03  2.013366321E-01 
       440  4.812263226E-01  2.807121692E-03  1.969838221E-01 
       441  4.801454970E-01  2.968992934E-03  1.927026285E-01 
       442 -4.996299312E-01  2.988145155E-03  8.823217477E-01 
       443  4.790350161E-01  3.135302680E-03  1.884949156E-01 
       444  4.778949991E-01  3.306018342E-03  1.843633175E-01 
       445  4.767255055E-01  3.481124572E-03  1.802892594E-01 
       446 -4.994635657E-01  3.598577466E-03  9.243111617E-01 
       447  4.755265950E-01  3.660622240E-03  1.762761930E-01 
       448  4.742983272E-01  3.844465770E-03  1.723255234E-01 
       449  4.730408213E-01  4.032646274E-03  1.684273608E-01 
       450 -4.992662672E-01  4.208304416E-03  9.595969684E-01 
       451  4.717541369E-01  4.225135372E-03  1.645793749E-01 
       452  4.704383635E-01  4.421919982E-03  1.607787106E-01 
       453  4.690935606E-01  4.622962424E-03  1.570273313E-01 
       454 -4.990380533E-01  4.817114463E-03  9.880529035E-01 
       455  4.677198177E-01  4.828248238E-03  1.533146358E-01 
       456  4.663171943E-01  5.037752736E-03  1.496414714E-01 
       457  4.648858396E-01  5.251434465E-03  1.460080435E-01 
       458 -4.987789145E-01  5.424894826E-03  1.009791873E+00 
       459  4.634257832E-01  5.469265962E-03  1.424149600E-01 
       460  4.619371444E-01  5.691214164E-03  1.388564160E-01 
       461  4.604200424E-01  5.917248316E-03  1.353304414E-01 
       462 -4.984888454E-01  6.031514571E-03  1.025096367E+00 
       463  4.588745071E-01  6.147339550E-03  1.318372293E-01 
       464  4.573006576E-01  6.381448745E-03  1.283743693E-01 
       465  4.556986132E-01  6.619535845E-03  1.249405951E-01 
       466 -4.981679017E-01  6.636740815E-03  1.034344103E+00 
       467  4.540684334E-01  6.861566849E-03  1.215372608E-01 
       468  4.524102674E-01  7.107491941E-03  1.181615389E-01 
       469 -4.978160830E-01  7.240462513E-03  1.038062365E+00 
       470  4.507241746E-01  7.357282228E-03  1.148128247E-01 
       471  4.490103042E-01  7.610885571E-03  1.114865610E-01 
       472 -4.974334201E-01  7.842522855E-03  1.036839241E+00 
       473  4.472687157E-01  7.868273039E-03  1.081829982E-01 
       474  4.454995283E-01  8.129379005E-03  1.049114723E-01 
       475  4.437028613E-01  8.394155532E-03  1.016641613E-01 
       476 -4.970199163E-01  8.442813556E-03  1.031146643E+00 
       477  4.418788339E-01  8.662569977E-03  9.843490489E-02 
       478  4.400275354E-01  8.934572954E-03  9.523037252E-02 
       479 -4.965756057E-01  9.041184319E-03  1.021460722E+00 
       480  4.381490852E-01  9.210101167E-03  9.204808051E-02 
       481  4.362436322E-01  9.489105211E-03  8.889096272E-02 
       482 -4.961005532E-01  9.637459527E-03  1.008277295E+00 
       483  4.343112659E-01  9.771526468E-03  8.575388843E-02 
       484  4.323520756E-01  1.005733317E-02  8.263814289E-02 
       485 -4.955947652E-01  1.023154343E-02  9.920750907E-01 
       486  4.303662402E-01  1.034643786E-02  7.954815431E-02 
       487  4.283538491E-01  1.063880602E-02  7.647406399E-02 
       488 -4.950582782E-01  1.082330427E-02  9.733506339E-01 
       489  4.263150215E-01  1.093437523E-02  7.342547563E-02 
       490  4.242499064E-01  1.123307382E-02  7.039693641E-02 
       491 -4.944911284E-01  1.141262587E-02  9.525834108E-01 
       492  4.221586231E-01  1.153485516E-02  6.739176618E-02 
       493  4.200412907E-01  1.183964481E-02  6.440726467E-02 
       494 -4.938934126E-01  1.199932967E-02  9.301813175E-01 
       495  4.178980584E-01  1.214739796E-02  6.144145292E-02 
       496  4.157290154E-01  1.245803645E-02  5.850150494E-02 
       497 -4.932651078E-01  1.258336779E-02  9.064600323E-01 
       498  4.135343407E-01  1.277149597E-02  5.558270092E-02 
       499  4.113141832E-01  1.308770762E-02  5.268991012E-02 
       500 -4.926062801E-01  1.316460960E-02  8.817505187E-01 
       501  4.090686324E-01  1.340661460E-02  4.981473529E-02 
       502  4.067978372E-01  1.372816186E-02  4.696062171E-02 
       503 -4.919169961E-01  1.374292381E-02  8.563771692E-01 
       504  4.045019468E-01  1.405225727E-02  4.413409775E-02 
       505 -4.911972615E-01  1.431824134E-02  8.305873811E-01 
       506  4.021811101E-01  1.437883936E-02  4.132991190E-02 
       507  3.998354463E-01  1.470784757E-02  3.854733847E-02 
       508 -4.904471716E-01  1.489043136E-02  8.045808516E-01 
       509  3.974651343E-01  1.503921014E-02  3.578750033E-02 
       510  3.950702933E-01  1.537285260E-02  3.305369602E-02 
       511 -4.896667920E-01  1.545938024E-02  7.785301789E-01 
       512  3.926511021E-01  1.570870044E-02  3.034436261E-02 
       513 -4.888560973E-01  1.602506246E-02  7.525784815E-01 
       514  3.902076799E-01  1.604669309E-02  2.765698710E-02 
       515  3.877401758E-01  1.638675883E-02  2.499838803E-02 
       516 -4.880152121E-01  1.658733360E-02  7.268500166E-01 
       517  3.852487388E-01  1.672881950E-02  2.235968106E-02 
       518  3.827335476E-01  1.707282090E-02  1.974868461E-02 
       519 -4.871441706E-01  1.714612191E-02  7.014477907E-01 
       520  3.801947514E-01  1.741865893E-02  1.716407809E-02 
       521 -4.862430362E-01  1.770134913E-02  6.764551345E-01 
       522  3.776324991E-01  1.776629801E-02  1.460276895E-02 
       523  3.750469397E-01  1.811563955E-02  1.207040075E-02 
       524 -4.853118727E-01  1.825293074E-02  6.519399153E-01 
       525  3.724382522E-01  1.846663128E-02  9.560709879E-03 
       526 -4.843507132E-01  1.880081295E-02  6.279570258E-01 
       527  3.698066153E-01  1.881918572E-02  7.079844133E-03 
       528  3.671521184E-01  1.917324696E-02  4.624421310E-03 
       529 -4.833596502E-01  1.934491980E-02  6.045453725E-01 
       530  3.644750000E-01  1.952873304E-02  2.195557018E-03 
       531 -4.823387173E-01  1.988518286E-02  5.817399828E-01 
       532  3.617753792E-01  1.988558061E-02 -2.068889463E-04 
       533  3.590534648E-01  2.024370958E-02 -2.580933515E-03 
       534 -4.812880055E-01  2.042154517E-02  5.595644301E-01 
       535  3.563093759E-01  2.060305476E-02 -4.925782245E-03 
       536 -4.802076076E-01  2.095393248E-02  5.380304056E-01 
       537  3.535433211E-01  2.096354539E-02 -7.247119176E-03 
       538  3.507554495E-01  2.132512175E-02 -9.537964818E-03 
       539 -4.790975259E-01  2.148231599E-02  5.171519579E-01 
       540  3.479459400E-01  2.168769460E-02 -1.180179534E-02 
       541 -4.779578811E-01  2.200663596E-02  4.969321502E-01 
       542  3.451149713E-01  2.205122092E-02 -1.404101125E-02 
       543  3.422627222E-01  2.241560955E-02 -1.624726350E-02 
       544 -4.767887352E-01  2.252685301E-02  4.773651919E-01 
       545  3.393893419E-01  2.278080646E-02 -1.843031286E-02 
       546 -4.755901499E-01  2.304291657E-02  4.584542435E-01 
       547  3.364950090E-01  2.314675382E-02 -2.058630003E-02 
       548  3.335799323E-01  2.351336602E-02 -2.271217731E-02 
       549 -4.743621857E-01  2.355481651E-02  4.401877511E-01 
       550  3.306442905E-01  2.388058344E-02 -2.481147940E-02 
       551 -4.731049641E-01  2.406248653E-02  4.225553739E-01 
       552  3.276882327E-01  2.424834831E-02 -2.688388724E-02 
       553 -4.718185456E-01  2.456591865E-02  4.055459738E-01 
       554  3.247119676E-01  2.461659172E-02 -2.892739030E-02 
       555  3.217156739E-01  2.498524852E-02 -3.094411116E-02 
       556 -4.705030214E-01  2.506506669E-02  3.891472845E-01 
       557  3.186995305E-01  2.535426647E-02 -3.293630478E-02 
       558 -4.691584517E-01  2.555993544E-02  3.733454994E-01 
       559  3.156637162E-01  2.572357854E-02 -3.489802993E-02 
       560 -4.677849275E-01  2.605049706E-02  3.581197836E-01 
       561  3.126084396E-01  2.609311775E-02 -3.683719931E-02 
       562  3.095338795E-01  2.646284294E-02 -3.874899665E-02 
       563 -4.663825093E-01  2.653673740E-02  3.434617092E-01 
       564  3.064402149E-01  2.683266863E-02 -4.063260874E-02 
       565 -4.649513469E-01  2.701863047E-02  3.293561791E-01 
       566  3.033276543E-01  2.720255928E-02 -4.249267501E-02 
       567 -4.634914710E-01  2.749619920E-02  3.157811976E-01 
       568  3.001963765E-01  2.757244607E-02 -4.432715616E-02 
       569  2.970465604E-01  2.794228418E-02 -4.613714327E-02 
       570 -4.620030017E-01  2.796942265E-02  3.027272912E-01 
       571  2.938784444E-01  2.831199921E-02 -4.791976693E-02 
       572 -4.604860590E-01  2.843829184E-02  2.901849381E-01 
       573  2.906922073E-01  2.868154829E-02 -4.967960887E-02 
       574 -4.589406734E-01  2.890282793E-02  2.781768699E-01 
       575  2.874879981E-01  2.905088669E-02 -5.141874207E-02 
       576 -4.573669646E-01  2.936302781E-02  2.666843457E-01 
       577  2.842660852E-01  2.941995289E-02 -5.313359590E-02 
       578  2.810266175E-01  2.978868554E-02 -5.482631488E-02 
       579 -4.557650524E-01  2.981890105E-02  2.556288011E-01 
       580  2.777698334E-01  3.015704357E-02 -5.650150760E-02 
       581 -4.541349972E-01  3.027046186E-02  2.449787207E-01 
       582  2.744958820E-01  3.052497671E-02 -5.815511907E-02 
       583 -4.524769483E-01  3.071772303E-02  2.347126938E-01 
       584  2.712050315E-01  3.089242724E-02 -5.978851523E-02 
       585 -4.507909659E-01  3.116069912E-02  2.248164199E-01 
       586  2.678974310E-01  3.125935600E-02 -6.140279973E-02 
       587 -4.490771994E-01  3.159940112E-02  2.152781316E-01 
       588  2.645732890E-01  3.162571084E-02 -6.299539954E-02 
       589  2.612328440E-01  3.199143593E-02 -6.456770564E-02 
       590 -4.473357089E-01  3.203385599E-02  2.060833357E-01 
       591  2.578762748E-01  3.235649768E-02 -6.612216000E-02 
       592 -4.455666138E-01  3.246410242E-02  1.972165270E-01 
       593  2.545038199E-01  3.272084022E-02 -6.765737211E-02 
       594 -4.437700338E-01  3.289016029E-02  1.886612149E-01 
       595  2.511156283E-01  3.308442258E-02 -6.917432139E-02 
       596 -4.419460885E-01  3.331204514E-02  1.804113563E-01 
       597  2.477119682E-01  3.344719258E-02 -7.067270930E-02 
       598 -4.400948676E-01  3.372979420E-02  1.724540641E-01 
       599  2.442930185E-01  3.380910556E-02 -7.215259344E-02 
       600 -4.382164906E-01  3.414343415E-02  1.647761739E-01 
       601  2.408590026E-01  3.417012051E-02 -7.361718006E-02 
       602  2.374101144E-01  3.453019640E-02 -7.506447257E-02 
       603 -4.363111067E-01  3.455299854E-02  1.573665506E-01 
       604  2.339465922E-01  3.488927746E-02 -7.649544001E-02 
       605 -4.343788055E-01  3.495853256E-02  1.502065103E-01 
       606  2.304686298E-01  3.524733378E-02 -7.791266090E-02 
       607 -4.324196770E-01  3.536005245E-02  1.432945539E-01 
       608  2.269764507E-01  3.560431323E-02 -7.931467872E-02 
       609 -4.304338998E-01  3.575761265E-02  1.366167008E-01 
       610  2.234702784E-01  3.596017111E-02 -8.070188405E-02 
       611 -4.284215639E-01  3.615124110E-02  1.301526838E-01 
       612  2.199503067E-01  3.631486645E-02 -8.207710148E-02 
       613 -4.263827886E-01  3.654096403E-02  1.239082531E-01 
       614  2.164167740E-01  3.666835820E-02 -8.343823794E-02 
       615 -4.243177228E-01  3.692684386E-02  1.178612086E-01 
       616  2.128698740E-01  3.702059434E-02 -8.478726980E-02 
       617 -4.222264863E-01  3.730889379E-02  1.120047878E-01 
       618  2.093098601E-01  3.737154491E-02 -8.612702051E-02 
       619 -4.201091983E-01  3.768717235E-02  1.063310416E-01 
       620  2.057369260E-01  3.772115782E-02 -8.745523012E-02 
       621 -4.179660080E-01  3.806168863E-02  1.008328733E-01 
       622  2.021512953E-01  3.806939208E-02 -8.877296521E-02 
       623  1.985531914E-01  3.841620301E-02 -9.008189327E-02 
       624 -4.157970048E-01  3.843252306E-02  9.549906849E-02 
       625  1.949428378E-01  3.876155327E-02 -9.138401917E-02 
       626 -4.136023679E-01  3.879968503E-02  9.031493476E-02 
       627  1.913204583E-01  3.910539069E-02 -9.267502343E-02 
       628 -4.113822462E-01  3.916322587E-02  8.528125180E-02 
       629  1.876862761E-01  3.944766325E-02 -9.395733754E-02 
       630 -4.091367294E-01  3.952318378E-02  8.037977271E-02 
       631  1.840405150E-01  3.978834100E-02 -9.523389657E-02 
       632 -4.068659668E-01  3.987956695E-02  7.561878773E-02 
       633  1.803833984E-01  4.012737182E-02 -9.650170968E-02 
       634 -4.045701070E-01  4.023244836E-02  7.098323750E-02 
       635  1.767151648E-01  4.046470730E-02 -9.776387324E-02 
       636 -4.022492996E-01  4.058184833E-02  6.645732212E-02 
       637  1.730360078E-01  4.080031011E-02 -9.901922421E-02 
       638 -3.999036637E-01  4.092780033E-02  6.204379032E-02 
       639  1.693461958E-01  4.113412073E-02 -1.002678017E-01 
       640 -3.975333782E-01  4.127032334E-02  5.773788497E-02 
       641  1.656459224E-01  4.146610555E-02 -1.015133627E-01 
       642 -3.951385624E-01  4.160947270E-02  5.353030280E-02 
       643  1.619354261E-01  4.179621238E-02 -1.027523666E-01 
       644 -3.927193953E-01  4.194527158E-02  4.940907074E-02 
       645  1.582149454E-01  4.212438541E-02 -1.039881798E-01 
       646 -3.902759961E-01  4.227774273E-02  4.537448441E-02 
       647  1.544847037E-01  4.245058350E-02 -1.052163190E-01 
       648 -3.878085140E-01  4.260691217E-02  4.142654241E-02 
       649  1.507449246E-01  4.277473988E-02 -1.064401301E-01 
       650 -3.853170978E-01  4.293281705E-02  3.754821598E-02 
       651  1.469958465E-01  4.309683185E-02 -1.076626741E-01 
       652 -3.828019268E-01  4.325544014E-02  3.375245476E-02 
       653  1.432377079E-01  4.341678506E-02 -1.088790451E-01 
       654 -3.802631496E-01  4.357487216E-02  3.001707937E-02 
       655  1.394707174E-01  4.373455475E-02 -1.100909887E-01 
       656 -3.777009158E-01  4.389106086E-02  2.634251708E-02 
       657  1.356951283E-01  4.405008136E-02 -1.112982669E-01 
       658 -3.751153740E-01  4.420407785E-02  2.273322067E-02 
       659  1.319111641E-01  4.436332010E-02 -1.125021400E-01 
       660 -3.725067034E-01  4.451389575E-02  1.917582545E-02 
       661  1.281190634E-01  4.467421141E-02 -1.137020141E-01 
       662 -3.698750826E-01  4.482056498E-02  1.567255608E-02 
       663  1.243190644E-01  4.498270305E-02 -1.148998761E-01 
       664 -3.672206013E-01  4.512406520E-02  1.221385600E-02 
       665  1.205113834E-01  4.528873539E-02 -1.160907874E-01 
       666 -3.645434978E-01  4.542441021E-02  8.810621948E-03 
       667  1.166962736E-01  4.559224151E-02 -1.172782983E-01 
       668 -3.618438914E-01  4.572161894E-02  5.447623923E-03 
       669  1.128739661E-01  4.589318020E-02 -1.184619699E-01 
       670 -3.591219908E-01  4.601568803E-02  2.123345895E-03 
       671  1.090446843E-01  4.619147714E-02 -1.196392495E-01 
       672 -3.563779153E-01  4.630661771E-02 -1.161659810E-03 
       673  1.052086817E-01  4.648708376E-02 -1.208152675E-01 
       674 -3.536118734E-01  4.659440784E-02 -4.412729789E-03 
       675  1.013661816E-01  4.677993666E-02 -1.219840647E-01 
       676 -3.508240143E-01  4.687904041E-02 -7.626837331E-03 
       677  9.751743009E-02  4.706996149E-02 -1.231471398E-01 
       678 -3.480145167E-01  4.716052962E-02 -1.081126188E-02 
       679  9.366265806E-02  4.735710964E-02 -1.243047448E-01 
       680 -3.451835596E-01  4.743883936E-02 -1.396427520E-02 
       681  8.980211143E-02  4.764130671E-02 -1.254536288E-01 
       682 -3.423313217E-01  4.771399083E-02 -1.708925954E-02 
       683  8.593602117E-02  4.792249676E-02 -1.265957944E-01 
       684 -3.394579522E-01  4.798594082E-02 -2.019083054E-02 
       685  8.206462571E-02  4.820061638E-02 -1.277301234E-01 
       686 -3.365636299E-01  4.825467745E-02 -2.326072987E-02 
       687  7.818816350E-02  4.847559480E-02 -1.288544848E-01 
       688 -3.336485634E-01  4.852017860E-02 -2.630363748E-02 
       689  7.430688042E-02  4.874736130E-02 -1.299696252E-01 
       690 -3.307129315E-01  4.878244760E-02 -2.932825930E-02 
       691  7.042101490E-02  4.901585616E-02 -1.310759881E-01 
       692 -3.277568833E-01  4.904142982E-02 -3.233133487E-02 
       693  6.653079793E-02  4.928100863E-02 -1.321717126E-01 
       694 -3.247806275E-01  4.929710951E-02 -3.530737973E-02 
       695  6.263647539E-02  4.954275163E-02 -1.332578770E-01 
       696 -3.217843429E-01  4.954944993E-02 -3.826214388E-02 
       697 -3.187682083E-01  4.979842849E-02 -4.119584258E-02 
       698  5.873828573E-02  4.980101804E-02 -1.343320572E-01 
       699 -3.157324026E-01  5.004400094E-02 -4.410603727E-02 
       700  5.483647482E-02  5.005573342E-02 -1.353946807E-01 
       701 -3.126771344E-01  5.028614815E-02 -4.699950674E-02 
       702  5.093127738E-02  5.030683430E-02 -1.364428484E-01 
       703 -3.096025826E-01  5.052479305E-02 -4.986600965E-02 
       704  4.702293557E-02  5.055424263E-02 -1.374790244E-01 
       705 -3.065089259E-01  5.075994890E-02 -5.271338006E-02 
       706  4.311169154E-02  5.079790220E-02 -1.384979263E-01 
       707 -3.033963730E-01  5.099152082E-02 -5.554122470E-02 
       708  3.919778748E-02  5.103772031E-02 -1.395018679E-01 
       709 -3.002651028E-01  5.121950716E-02 -5.834455302E-02 
       710  3.528146179E-02  5.127365918E-02 -1.404916286E-01 
       711 -2.971152941E-01  5.144382742E-02 -6.112954307E-02 
       712  3.136295666E-02  5.150561858E-02 -1.414604927E-01 
       713 -2.939471853E-01  5.166445816E-02 -6.388793091E-02 
       714  2.744251609E-02  5.173354246E-02 -1.424116562E-01 
       715 -2.907609553E-01  5.188134051E-02 -6.662975772E-02 
       716  2.352038041E-02  5.195735637E-02 -1.433431587E-01 
       717 -2.875567531E-01  5.209440759E-02 -6.934459763E-02 
       718  1.959679175E-02  5.217699686E-02 -1.442546024E-01 
       719 -2.843348469E-01  5.230360687E-02 -7.202783751E-02 
       720  1.567199043E-02  5.239238577E-02 -1.451423751E-01 
       721 -2.810953857E-01  5.250892299E-02 -7.469323872E-02 
       722  1.174622234E-02  5.260345604E-02 -1.460074176E-01 
       723 -2.778386081E-01  5.271026036E-02 -7.733741927E-02 
       724  7.819727761E-03  5.281014428E-02 -1.468502489E-01 
       725 -2.745646630E-01  5.290757352E-02 -7.994674177E-02 
       726  3.892747933E-03  5.301237964E-02 -1.476646757E-01 
       727 -2.712738186E-01  5.310081767E-02 -8.253473645E-02 
       728 -3.447404070E-05  5.321008783E-02 -1.484583260E-01 
       729 -2.679662241E-01  5.328990424E-02 -8.509337790E-02 
       730 -3.961696026E-03  5.340321985E-02 -1.492162323E-01 
       731 -2.646420880E-01  5.347479510E-02 -8.761676667E-02 
       732 -7.888675808E-03  5.359166500E-02 -1.499502843E-01 
       733 -2.613016487E-01  5.365544198E-02 -9.011745314E-02 
       734 -1.181517036E-02  5.377543298E-02 -1.506550144E-01 
       735 -2.579450852E-01  5.383175986E-02 -9.258754987E-02 
       736 -1.574093839E-02  5.395437251E-02 -1.513194627E-01 
       737 -2.545726357E-01  5.400368499E-02 -9.501940791E-02 
       738 -1.966573963E-02  5.412849389E-02 -1.519651180E-01 
       739 -2.511844495E-01  5.417116882E-02 -9.741766834E-02 
       740 -2.358932819E-02  5.429771509E-02 -1.525745149E-01 
       741 -2.477807946E-01  5.433415548E-02 -9.978379547E-02 
       742 -2.751146377E-02  5.446194701E-02 -1.531421355E-01 
       743 -2.443618499E-01  5.449258918E-02 -1.021188254E-01 
       744 -3.143190419E-02  5.462113768E-02 -1.536770663E-01 
       745 -2.409278390E-01  5.464639199E-02 -1.044181365E-01 
       746 -3.535040917E-02  5.477525675E-02 -1.541743481E-01 
       747 -2.374789556E-01  5.479550039E-02 -1.066761376E-01 
       748 -3.926673467E-02  5.492421535E-02 -1.546287609E-01 
       749 -2.340154381E-01  5.493986203E-02 -1.088944934E-01 
       750 -4.318063853E-02  5.506798717E-02 -1.550536264E-01 
       751 -2.305374802E-01  5.507942481E-02 -1.110758770E-01 
       752 -4.709188232E-02  5.520651962E-02 -1.554315883E-01 
       753 -2.270453056E-01  5.521411451E-02 -1.132181120E-01 
       754 -5.100022386E-02  5.533972049E-02 -1.557669174E-01 
       755 -2.235391376E-01  5.534386399E-02 -1.153110190E-01 
       756 -5.490542101E-02  5.546759269E-02 -1.560632584E-01 
       757 -2.200191701E-01  5.546865028E-02 -1.173667937E-01 
       758 -2.164856415E-01  5.558837756E-02 -1.193759331E-01 
       759 -5.880723159E-02  5.559005847E-02 -1.563184050E-01 
       760 -2.129387455E-01  5.570304450E-02 -1.213453663E-01 
       761 -6.270542090E-02  5.570709112E-02 -1.565254192E-01 
       762 -2.093787355E-01  5.581251883E-02 -1.232668488E-01 
       763 -6.659974303E-02  5.581860216E-02 -1.566822413E-01 
       764 -2.058058051E-01  5.591681344E-02 -1.251339388E-01 
       765 -7.048995956E-02  5.592459837E-02 -1.567945054E-01 
       766 -2.022201779E-01  5.601584768E-02 -1.269626741E-01 
       767 -7.437582458E-02  5.602502056E-02 -1.568620530E-01 
       768 -1.986220775E-01  5.610956900E-02 -1.287375964E-01 
       769 -7.825710714E-02  5.611985317E-02 -1.568800212E-01 
       770 -1.950117274E-01  5.619793261E-02 -1.304604355E-01 
       771 -8.213356877E-02  5.620901882E-02 -1.568422418E-01 
       772 -1.913893510E-01  5.628091588E-02 -1.321378461E-01 
       773 -8.600496359E-02  5.629252454E-02 -1.567638872E-01 
       774 -1.877551720E-01  5.635843762E-02 -1.337650893E-01 
       775 -8.987105317E-02  5.637033645E-02 -1.566265322E-01 
       776 -1.841094139E-01  5.643046370E-02 -1.353330403E-01 
       777 -9.373159906E-02  5.644239219E-02 -1.564374856E-01 
       778 -1.804523002E-01  5.649697162E-02 -1.368510242E-01 
       779 -9.758637028E-02  5.650872060E-02 -1.562001188E-01 
       780 -1.767840694E-01  5.655792066E-02 -1.383205847E-01 
       781 -1.014351209E-01  5.656926268E-02 -1.559070794E-01 
       782 -1.731049151E-01  5.661325514E-02 -1.397345044E-01 
       783 -1.052776201E-01  5.662401803E-02 -1.555630128E-01 
       784 -1.694151056E-01  5.666294860E-02 -1.410897995E-01 
       785 -1.091136217E-01  5.667294968E-02 -1.551538504E-01 
       786 -1.657148347E-01  5.670697867E-02 -1.423935098E-01 
       787 -1.129429024E-01  5.671605068E-02 -1.547016842E-01 
       788 -1.620043408E-01  5.674529724E-02 -1.436397829E-01 
       789 -1.167652088E-01  5.675335680E-02 -1.541931613E-01 
       790 -1.582838623E-01  5.677789270E-02 -1.448296286E-01 
       791 -1.205803174E-01  5.678477656E-02 -1.536212972E-01 
       792 -1.545536227E-01  5.680472812E-02 -1.459621860E-01 
       793 -1.243879971E-01  5.681036491E-02 -1.529977304E-01 
       794 -1.508138457E-01  5.682581042E-02 -1.470412673E-01 
       795 -1.281879946E-01  5.683009629E-02 -1.523187955E-01 
       796 -1.470647695E-01  5.684108819E-02 -1.480654788E-01 
       797 -1.319800939E-01  5.684399241E-02 -1.515858481E-01 
       798 -1.433066327E-01  5.685055712E-02 -1.490290939E-01 
       799 -1.357640565E-01  5.685202033E-02 -1.507877564E-01 
       800 -1.395396439E-01  5.685419878E-02 -1.499360921E-01 
