nodenumber     x-coordinate     y-coordinate pressure-coefficient 
         1 -2.809555191E-01 -4.228343700E-02 -5.730515729E-02 
         2 -2.841949771E-01 -4.228279136E-02 -5.832022156E-02 
         3 -2.776987240E-01 -4.227986010E-02 -5.628515141E-02 
         4 -2.874168984E-01 -4.227785207E-02 -5.932888651E-02 
         5 -2.744247927E-01 -4.227213121E-02 -5.526121107E-02 
         6 -2.906210840E-01 -4.226854750E-02 -6.032948800E-02 
         7 -2.711339273E-01 -4.226032024E-02 -5.423387084E-02 
         8 -2.938073365E-01 -4.225480565E-02 -6.132023212E-02 
         9 -2.678263307E-01 -4.224449632E-02 -5.320283392E-02 
        10 -2.969754592E-01 -4.223655415E-02 -6.229923006E-02 
        11 -2.645022068E-01 -4.222472783E-02 -5.216880205E-02 
        12 -3.001252568E-01 -4.221372045E-02 -6.326451937E-02 
        13 -2.611617609E-01 -4.220108223E-02 -5.113487202E-02 
        14 -3.032565350E-01 -4.218623182E-02 -6.421406169E-02 
        15 -2.578051988E-01 -4.217362604E-02 -5.010350646E-02 
        16 -3.063691006E-01 -4.215401549E-02 -6.514574132E-02 
        17 -2.544327276E-01 -4.214242478E-02 -4.907588536E-02 
        18 -3.094627616E-01 -4.211699873E-02 -6.605736283E-02 
        19 -2.510445554E-01 -4.210754286E-02 -4.805313595E-02 
        20 -3.125373273E-01 -4.207510895E-02 -6.694664893E-02 
        21 -2.476408912E-01 -4.206904358E-02 -4.703620341E-02 
        22 -3.155926080E-01 -4.202827378E-02 -6.781123865E-02 
        23 -2.442219449E-01 -4.202698903E-02 -4.602593767E-02 
        24 -2.407879273E-01 -4.198144004E-02 -4.502311797E-02 
        25 -3.186284153E-01 -4.197642118E-02 -6.864868567E-02 
        26 -2.373390504E-01 -4.193245617E-02 -4.402846177E-02 
        27 -3.216445619E-01 -4.191947954E-02 -6.945645682E-02 
        28 -2.338755268E-01 -4.188009561E-02 -4.304262649E-02 
        29 -3.246408618E-01 -4.185737776E-02 -7.023193057E-02 
        30 -2.303975702E-01 -4.182441517E-02 -4.206620945E-02 
        31 -3.276171302E-01 -4.179004533E-02 -7.097239563E-02 
        32 -2.269053952E-01 -4.176547022E-02 -4.109974766E-02 
        33 -3.305731835E-01 -4.171741250E-02 -7.167504947E-02 
        34 -2.233992171E-01 -4.170331470E-02 -4.014371741E-02 
        35 -3.335088394E-01 -4.163941028E-02 -7.233699690E-02 
        36 -2.198792522E-01 -4.163800103E-02 -3.919853580E-02 
        37 -2.163457176E-01 -4.156958013E-02 -3.826455996E-02 
        38 -3.364239169E-01 -4.155597060E-02 -7.295524857E-02 
        39 -2.127988314E-01 -4.149810136E-02 -3.734208719E-02 
        40 -3.393182361E-01 -4.146702641E-02 -7.352671941E-02 
        41 -2.092388122E-01 -4.142361255E-02 -3.643135776E-02 
        42 -3.421916186E-01 -4.137251171E-02 -7.404822712E-02 
        43 -2.056658797E-01 -4.134615994E-02 -3.553255556E-02 
        44 -3.450438871E-01 -4.127236172E-02 -7.451649049E-02 
        45 -2.020802543E-01 -4.126578817E-02 -3.464580964E-02 
        46 -1.984821572E-01 -4.118254033E-02 -3.377119368E-02 
        47 -3.478748658E-01 -4.116651292E-02 -7.492812774E-02 
        48 -1.948718102E-01 -4.109645789E-02 -3.290872676E-02 
        49 -3.506843800E-01 -4.105490318E-02 -7.527965475E-02 
        50 -1.912494362E-01 -4.100758073E-02 -3.205837574E-02 
        51 -3.534722565E-01 -4.093747183E-02 -7.556748330E-02 
        52 -1.876152585E-01 -4.091594717E-02 -3.122006040E-02 
        53 -1.839695013E-01 -4.082159393E-02 -3.039366018E-02 
        54 -3.562383233E-01 -4.081415972E-02 -7.578791908E-02 
        55 -1.803123896E-01 -4.072455620E-02 -2.957901085E-02 
        56 -3.589824098E-01 -4.068490938E-02 -7.593715991E-02 
        57 -1.766441488E-01 -4.062486760E-02 -2.877590356E-02 
        58 -3.617043469E-01 -4.054966505E-02 -7.601129368E-02 
        59 -1.729650054E-01 -4.052256027E-02 -2.798408854E-02 
        60 -1.692751861E-01 -4.041766483E-02 -2.720327638E-02 
        61 -3.644039666E-01 -4.040837276E-02 -7.600629580E-02 
        62 -1.655749186E-01 -4.031021044E-02 -2.643313997E-02 
        63 -3.670811026E-01 -4.026098045E-02 -7.591802540E-02 
        64 -1.618644313E-01 -4.020022485E-02 -2.567331508E-02 
        65 -3.697355896E-01 -4.010743803E-02 -7.574222348E-02 
        66 -1.581439529E-01 -4.008773440E-02 -2.492340159E-02 
        67 -1.544137129E-01 -3.997276409E-02 -2.418296442E-02 
        68 -3.723672640E-01 -3.994769744E-02 -7.547451124E-02 
        69 -1.506739415E-01 -3.985533762E-02 -2.345153666E-02 
        70 -3.749759635E-01 -3.978171275E-02 -7.511038689E-02 
        71 -1.469248693E-01 -3.973547741E-02 -2.272863030E-02 
        72 -1.431667276E-01 -3.961320470E-02 -2.201373776E-02 
        73 -3.775615273E-01 -3.960944022E-02 -7.464522252E-02 
        74 -1.393997483E-01 -3.948853954E-02 -2.130632991E-02 
        75 -3.801237959E-01 -3.943083838E-02 -7.407426079E-02 
        76 -1.356241636E-01 -3.936150092E-02 -2.060588032E-02 
        77 -3.826626113E-01 -3.924586808E-02 -7.339261138E-02 
        78 -1.318402065E-01 -3.923210675E-02 -1.991183527E-02 
        79 -1.280481104E-01 -3.910037398E-02 -1.922359132E-02 
        80 -3.851778170E-01 -3.905449256E-02 -7.259524727E-02 
        81 -1.242481093E-01 -3.896631865E-02 -1.854052590E-02 
        82 -3.876692579E-01 -3.885667754E-02 -7.167700071E-02 
        83 -1.204404374E-01 -3.882995593E-02 -1.786200148E-02 
        84 -1.166253297E-01 -3.869130022E-02 -1.718736770E-02 
        85 -3.901367804E-01 -3.865239121E-02 -7.063255893E-02 
        86 -1.128030216E-01 -3.855036520E-02 -1.651596281E-02 
        87 -3.925802323E-01 -3.844160436E-02 -6.945645957E-02 
        88 -1.089737487E-01 -3.840716392E-02 -1.584711534E-02 
        89 -1.051377474E-01 -3.826170883E-02 -1.518014586E-02 
        90 -3.949994630E-01 -3.822429040E-02 -6.814308580E-02 
        91 -1.012952542E-01 -3.811401193E-02 -1.451436871E-02 
        92 -3.973943233E-01 -3.800042538E-02 -6.668666106E-02 
        93 -9.744650610E-02 -3.796408475E-02 -1.384909398E-02 
        94 -9.359174061E-02 -3.781193850E-02 -1.318362935E-02 
        95 -3.997646656E-01 -3.776998809E-02 -6.508124354E-02 
        96 -8.973119547E-02 -3.765758413E-02 -1.251728206E-02 
        97 -4.021103438E-01 -3.753296007E-02 -6.332072022E-02 
        98 -8.586510882E-02 -3.750103237E-02 -1.184936067E-02 
        99 -8.199371913E-02 -3.734229385E-02 -1.117917625E-02 
       100 -4.044312132E-01 -3.728932565E-02 -6.139880055E-02 
       101 -7.811726521E-02 -3.718137916E-02 -1.050604293E-02 
       102 -4.067271309E-01 -3.703907200E-02 -5.930900967E-02 
       103 -7.423598617E-02 -3.701829894E-02 -9.829275098E-03 
       104 -7.035012144E-02 -3.685306392E-02 -9.148184949E-03 
       105 -4.089979552E-01 -3.678218913E-02 -5.704468156E-02 
       106 -6.645991072E-02 -3.668568504E-02 -8.462075699E-03 
       107 -4.112435462E-01 -3.651866998E-02 -5.459895093E-02 
       108 -6.256559396E-02 -3.651617351E-02 -7.770244985E-03 
       109 -5.866741139E-02 -3.634454085E-02 -7.072032499E-03 
       110 -4.134637655E-01 -3.624851037E-02 -5.196474613E-02 
       111 -5.476560346E-02 -3.617079903E-02 -6.366836644E-03 
       112 -5.086041086E-02 -3.599496049E-02 -5.654093171E-03 
       113 -4.156584762E-01 -3.597170909E-02 -4.913478071E-02 
       114 -4.695207449E-02 -3.581703823E-02 -4.933281601E-03 
       115 -4.178275431E-01 -3.568826788E-02 -4.610154437E-02 
       116 -4.304083541E-02 -3.563704586E-02 -4.203936296E-03 
       117 -3.912693491E-02 -3.545499769E-02 -3.465685812E-03 
       118 -4.199708326E-01 -3.539819144E-02 -4.285729801E-02 
       119 -3.521061439E-02 -3.527090879E-02 -2.718245028E-03 
       120 -4.220882125E-01 -3.510148749E-02 -3.939406501E-02 
       121 -3.129211545E-02 -3.508479505E-02 -1.961424917E-03 
       122 -2.737167978E-02 -3.489667322E-02 -1.194981802E-03 
       123 -4.241795525E-01 -3.479816672E-02 -3.570362567E-02 
       124 -2.344954923E-02 -3.470656099E-02 -4.179839706E-04 
       125 -1.952596572E-02 -3.451447704E-02  3.704448242E-04 
       126 -4.262447235E-01 -3.448824283E-02 -3.177752154E-02 
       127 -1.560117128E-02 -3.432044110E-02  1.170632866E-03 
       128 -4.282835985E-01 -3.417173254E-02 -2.760711840E-02 
       129 -1.167540801E-02 -3.412447397E-02  1.982953520E-03 
       130 -7.748918070E-03 -3.392659759E-02  2.807745823E-03 
       131 -4.302960518E-01 -3.384865556E-02 -2.318319707E-02 
       132 -3.821943655E-03 -3.372683506E-02  3.645318633E-03 
       133  1.052729985E-04 -3.352521073E-02  4.495943064E-03 
       134 -4.322819594E-01 -3.351903461E-02 -1.849532563E-02 
       135  4.032489642E-03 -3.332175014E-02  5.359855389E-03 
       136 -4.342411991E-01 -3.318289542E-02 -1.353294169E-02 
       137  7.959464029E-03 -3.311648017E-02  6.237272932E-03 
       138  1.188595393E-02 -3.290942895E-02  7.128387361E-03 
       139 -4.361736502E-01 -3.284026667E-02 -8.287435896E-03 
       140  1.581171713E-02 -3.270062597E-02  8.033347970E-03 
       141 -4.380791937E-01 -3.249118006E-02 -2.749568976E-03 
       142  1.973651149E-02 -3.249010207E-02  8.952270794E-03 
       143  2.366009490E-02 -3.227788943E-02  9.885242341E-03 
       144 -4.399577124E-01 -3.213567023E-02  3.091815200E-03 
       145  2.758222534E-02 -3.206402162E-02  1.083232151E-02 
       146  3.150266087E-02 -3.184853359E-02  1.179355495E-02 
       147 -4.418090905E-01 -3.177377476E-02  9.248052182E-03 
       148  3.542115968E-02 -3.163146168E-02  1.276895572E-02 
       149  3.933748004E-02 -3.141284360E-02  1.375853759E-02 
       150 -4.436332142E-01 -3.140553417E-02  1.573083423E-02 
       151  4.325138039E-02 -3.119271845E-02  1.476220427E-02 
       152 -4.454299711E-01 -3.103099185E-02  2.255212400E-02 
       153  4.716261930E-02 -3.097112670E-02  1.577981518E-02 
       154  5.107095550E-02 -3.074811018E-02  1.681126731E-02 
       155 -4.471992509E-01 -3.065019411E-02  2.972421944E-02 
       156  5.497614792E-02 -3.052371204E-02  1.785632710E-02 
       157  5.887795568E-02 -3.029797677E-02  1.891466702E-02 
       158 -4.489409446E-01 -3.026319007E-02  3.725975043E-02 
       159  6.277613807E-02 -3.007095014E-02  1.998593426E-02 
       160 -4.506549452E-01 -2.987003169E-02  4.517162493E-02 
       161  6.667045467E-02 -2.984267918E-02  2.106977697E-02 
       162  7.056066524E-02 -2.961321216E-02  2.216583402E-02 
       163 -4.523411473E-01 -2.947077371E-02  5.347292899E-02 
       164  7.444652982E-02 -2.938259853E-02  2.327372928E-02 
       165  7.832780872E-02 -2.915088889E-02  2.439305953E-02 
       166 -4.539994472E-01 -2.906547362E-02  6.217653860E-02 
       167  8.220426253E-02 -2.891813497E-02  2.552338705E-02 
       168  8.607565212E-02 -2.868438951E-02  2.666425456E-02 
       169 -4.556297433E-01 -2.865419165E-02  7.129381332E-02 
       170  8.994173870E-02 -2.844970629E-02  2.781517590E-02 
       171 -4.572319352E-01 -2.823699066E-02  8.083593482E-02 
       172  9.380228379E-02 -2.821414004E-02  2.897564528E-02 
       173  9.765704926E-02 -2.797774635E-02  3.014511772E-02 
       174 -4.588059247E-01 -2.781393621E-02  9.081533709E-02 
       175  1.015057973E-01 -2.774058167E-02  3.132328835E-02 
       176  1.053482906E-01 -2.750270321E-02  3.250973317E-02 
       177 -4.603516152E-01 -2.738509642E-02  1.012448549E-01 
       178  1.091842920E-01 -2.726416886E-02  3.370366222E-02 
       179  1.130135650E-01 -2.702503715E-02  3.490438403E-02 
       180 -4.618689120E-01 -2.695054198E-02  1.121374873E-01 
       181  1.168358733E-01 -2.678536716E-02  3.611126759E-02 
       182  1.206509812E-01 -2.654521845E-02  3.732366812E-02 
       183 -4.633577221E-01 -2.651034608E-02  1.235078633E-01 
       184  1.244586533E-01 -2.630465098E-02  3.854092621E-02 
       185 -4.648179542E-01 -2.606458441E-02  1.353704821E-01 
       186  1.282586548E-01 -2.606372506E-02  3.976236684E-02 
       187  1.320507513E-01 -2.582250119E-02  4.098729919E-02 
       188 -4.662495191E-01 -2.561333503E-02  1.477346996E-01 
       189  1.358347088E-01 -2.558104008E-02  4.221501927E-02 
       190  1.396102940E-01 -2.533940250E-02  4.344481060E-02 
       191 -4.676523292E-01 -2.515667842E-02  1.606130377E-01 
       192  1.433772739E-01 -2.509764921E-02  4.467594000E-02 
       193  1.471354162E-01 -2.485584089E-02  4.590765299E-02 
       194 -4.690262988E-01 -2.469469736E-02  1.740234960E-01 
       195  1.508844890E-01 -2.461403802E-02  4.713916669E-02 
       196  1.546242611E-01 -2.437230085E-02  4.836968175E-02 
       197 -4.703713441E-01 -2.422747690E-02  1.879827846E-01 
       198  1.583545019E-01 -2.413068924E-02  4.959842687E-02 
       199  1.620749812E-01 -2.388926265E-02  5.082466107E-02 
       200 -4.716873831E-01 -2.375510432E-02  2.025081336E-01 
       201  1.657854695E-01 -2.364807998E-02  5.204765020E-02 
       202  1.694857379E-01 -2.340719956E-02  5.326666768E-02 
       203 -4.729743357E-01 -2.327766908E-02  2.176262957E-01 
       204  1.731755583E-01 -2.316667898E-02  5.448099419E-02 
       205  1.768547029E-01 -2.292657508E-02  5.568991864E-02 
       206 -4.742321237E-01 -2.279526273E-02  2.333685155E-01 
       207  1.805229448E-01 -2.268694384E-02  5.689273956E-02 
       208  1.841800578E-01 -2.244784026E-02  5.808876689E-02 
       209 -4.754606707E-01 -2.230797890E-02  2.498696171E-01 
       210  1.878258163E-01 -2.220931835E-02  5.927732346E-02 
       211  1.914599954E-01 -2.197143100E-02  6.045774644E-02 
       212 -4.766599024E-01 -2.181591324E-02  2.672204986E-01 
       213  1.950823709E-01 -2.173422991E-02  6.162938918E-02 
       214  1.986927193E-01 -2.149776553E-02  6.279162265E-02 
       215 -4.778297463E-01 -2.131916334E-02  2.853773953E-01 
       216  2.022908180E-01 -2.126208698E-02  6.394383700E-02 
       217  2.058764450E-01 -2.102724198E-02  6.508544307E-02 
       218 -4.789701319E-01 -2.081782867E-02  3.043232194E-01 
       219  2.094493792E-01 -2.079327678E-02  6.621587385E-02 
       220  2.130094000E-01 -2.056023610E-02  6.733458598E-02 
       221  2.165562880E-01 -2.032816305E-02  6.844106120E-02 
       222 -4.800809906E-01 -2.031201057E-02  3.240595719E-01 
       223  2.200898243E-01 -2.009709913E-02  6.953480771E-02 
       224  2.236097910E-01 -1.986708409E-02  7.061536156E-02 
       225 -4.811622558E-01 -1.980181214E-02  3.445947292E-01 
       226  2.271159710E-01 -1.963815595E-02  7.168228804E-02 
       227  2.306081479E-01 -1.941035092E-02  7.273518296E-02 
       228 -4.822138630E-01 -1.928733819E-02  3.659413340E-01 
       229  2.340861063E-01 -1.918370335E-02  7.377367393E-02 
       230  2.375496317E-01 -1.895824572E-02  7.479742157E-02 
       231 -4.832357497E-01 -1.876869521E-02  3.881113917E-01 
       232  2.409985105E-01 -1.873400857E-02  7.580612071E-02 
       233  2.444325298E-01 -1.851102051E-02  7.679950150E-02 
       234  2.478514780E-01 -1.828930814E-02  7.777733044E-02 
       235 -4.842278553E-01 -1.824599126E-02  4.111231591E-01 
       236  2.512551440E-01 -1.806889608E-02  7.873941134E-02 
       237  2.546433179E-01 -1.784980692E-02  7.968558633E-02 
       238 -4.851901214E-01 -1.771933594E-02  4.349762192E-01 
       239  2.580157908E-01 -1.763206122E-02  8.061573691E-02 
       240  2.613723545E-01 -1.741567749E-02  8.152978573E-02 
       241  2.647128020E-01 -1.720067219E-02  8.242770006E-02 
       242 -4.861224917E-01 -1.718884030E-02  4.596563203E-01 
       243  2.680369273E-01 -1.698705974E-02  8.330949979E-02 
       244  2.713445253E-01 -1.677485251E-02  8.417527279E-02 
       245 -4.870249120E-01 -1.665461676E-02  4.851594296E-01 
       246  2.746353920E-01 -1.656406086E-02  8.502520424E-02 
       247  2.779093243E-01 -1.635469310E-02  8.585959764E-02 
       248  2.811661204E-01 -1.614675557E-02  8.667886898E-02 
       249 -4.878973302E-01 -1.611677908E-02  5.114758958E-01 
       250  2.844055793E-01 -1.594025261E-02  8.748340081E-02 
       251  2.876275012E-01 -1.573518663E-02  8.827306917E-02 
       252 -4.887396965E-01 -1.557544221E-02  5.385872306E-01 
       253  2.908316873E-01 -1.553155814E-02  8.904781678E-02 
       254  2.940179401E-01 -1.532936574E-02  8.980804026E-02 
       255  2.971860628E-01 -1.512860623E-02  9.055415884E-02 
       256 -4.895519630E-01 -1.503072226E-02  5.664632019E-01 
       257  3.003358602E-01 -1.492927461E-02  9.128666800E-02 
       258  3.034671379E-01 -1.473136414E-02  9.200611337E-02 
       259  3.065797028E-01 -1.453486641E-02  9.271308928E-02 
       260 -4.903340845E-01 -1.448273637E-02  5.950605785E-01 
       261  3.096733628E-01 -1.433977139E-02  9.340823701E-02 
       262  3.127479271E-01 -1.414606747E-02  9.409224454E-02 
       263  3.158032061E-01 -1.395374158E-02  9.476584616E-02 
       264 -4.910860176E-01 -1.393160262E-02  6.243200900E-01 
       265  3.188390113E-01 -1.376277921E-02  9.542982245E-02 
       266  3.218551554E-01 -1.357316450E-02  9.608499948E-02 
       267  3.248514524E-01 -1.338488034E-02  9.673225180E-02 
       268 -4.918077214E-01 -1.337743994E-02  6.541618269E-01 
       269  3.278277174E-01 -1.319790841E-02  9.737251312E-02 
       270  3.307837669E-01 -1.301222929E-02  9.800679583E-02 
       271  3.337194185E-01 -1.282782256E-02  9.863625586E-02 
       272 -4.924991571E-01 -1.282036795E-02  6.844833174E-01 
       273  3.366344910E-01 -1.264466683E-02  9.926219270E-02 
       274  3.395288048E-01 -1.246273992E-02  9.988619309E-02 
       275  3.424021812E-01 -1.228201887E-02  1.005095368E-01 
       276 -4.931602885E-01 -1.226050688E-02  7.151579018E-01 
       277  3.452544430E-01 -1.210248007E-02  1.011330723E-01 
       278  3.480854143E-01 -1.192409938E-02  1.017578846E-01 
       279  3.508949204E-01 -1.174685218E-02  1.023852175E-01 
       280 -4.937910812E-01 -1.169797735E-02  7.460318039E-01 
       281  3.536827880E-01 -1.157071352E-02  1.030163808E-01 
       282  3.564488452E-01 -1.139565819E-02  1.036527359E-01 
       283  3.591929213E-01 -1.122166081E-02  1.042956776E-01 
       284 -4.943915036E-01 -1.113290031E-02  7.769219779E-01 
       285  3.619148470E-01 -1.104869598E-02  1.049466255E-01 
       286  3.646144545E-01 -1.087673833E-02  1.056070211E-01 
       287  3.672915772E-01 -1.070576267E-02  1.062783228E-01 
       288 -4.949615259E-01 -1.056539681E-02  8.076059793E-01 
       289  3.699460499E-01 -1.053574405E-02  1.069620106E-01 
       290  3.725777090E-01 -1.036665790E-02  1.076595763E-01 
       291  3.751863921E-01 -1.019848011E-02  1.083725565E-01 
       292  3.777719382E-01 -1.003118712E-02  1.091029577E-01 
       293 -4.955011205E-01 -9.995587829E-03  8.378008294E-01 
       294  3.803341879E-01 -9.864756047E-03  1.098524948E-01 
       295  3.828729831E-01 -9.699164780E-03  1.106227123E-01 
       296  3.853881673E-01 -9.534392054E-03  1.114157005E-01 
       297 -4.960102619E-01 -9.423594105E-03  8.670871908E-01 
       298  3.878795852E-01 -9.370417565E-03  1.122334344E-01 
       299  3.903470832E-01 -9.207222054E-03  1.130777559E-01 
       300  3.927905090E-01 -9.044787401E-03  1.139505055E-01 
       301  3.952097120E-01 -8.883096711E-03  1.148535376E-01 
       302 -4.964889266E-01 -8.849535940E-03  8.951897125E-01 
       303  3.976045429E-01 -8.722134400E-03  1.157887112E-01 
       304  3.999748540E-01 -8.561886278E-03  1.167579423E-01 
       305  4.023204990E-01 -8.402339624E-03  1.177631716E-01 
       306 -4.969370928E-01 -8.273533011E-03  9.217437180E-01 
       307  4.046413334E-01 -8.243483268E-03  1.188063248E-01 
       308  4.069372138E-01 -8.085307655E-03  1.198893577E-01 
       309  4.092079987E-01 -7.927804919E-03  1.210142379E-01 
       310  4.114535480E-01 -7.770968945E-03  1.221829458E-01 
       311 -4.973547399E-01 -7.695704193E-03  9.461029427E-01 
       312  4.136737233E-01 -7.614795430E-03  1.233974675E-01 
       313  4.158683874E-01 -7.459281938E-03  1.246598022E-01 
       314  4.180374052E-01 -7.304427951E-03  1.259719543E-01 
       315  4.201806426E-01 -7.150234916E-03  1.273359268E-01 
       316 -4.977418488E-01 -7.116167409E-03  9.676945573E-01 
       317  4.222979677E-01 -6.996706288E-03  1.287537303E-01 
       318  4.243892497E-01 -6.843847566E-03  1.302273767E-01 
       319  4.264543597E-01 -6.691666328E-03  1.317588791E-01 
       320  4.284931702E-01 -6.540172254E-03  1.333502530E-01 
       321 -4.980984012E-01 -6.535039523E-03  9.860722550E-01 
       322  4.305055555E-01 -6.389377151E-03  1.350035150E-01 
       323  4.324913915E-01 -6.239294973E-03  1.367206861E-01 
       324  4.344505557E-01 -6.089941825E-03  1.385037913E-01 
       325 -4.984243793E-01 -5.952436284E-03  1.000745820E+00 
       326  4.363829272E-01 -5.941335978E-03  1.403548555E-01 
       327  4.382883868E-01 -5.793497865E-03  1.422759050E-01 
       328  4.401668170E-01 -5.646450079E-03  1.442689640E-01 
       329  4.420181019E-01 -5.500217365E-03  1.463360608E-01 
       330 -4.987197652E-01 -5.368472357E-03  1.011092746E+00 
       331  4.438421274E-01 -5.354826600E-03  1.484792088E-01 
       332  4.456387809E-01 -5.210306781E-03  1.507004206E-01 
       333  4.474079516E-01 -5.066688992E-03  1.530017295E-01 
       334  4.491495303E-01 -4.924006380E-03  1.553851745E-01 
       335 -4.989845407E-01 -4.783261450E-03  1.016631787E+00 
       336  4.508634097E-01 -4.782294114E-03  1.578528081E-01 
       337  4.525494840E-01 -4.641589348E-03  1.604066941E-01 
       338  4.542076493E-01 -4.501931171E-03  1.630489089E-01 
       339  4.558378032E-01 -4.363360562E-03  1.657815476E-01 
       340  4.574398452E-01 -4.225920329E-03  1.686067303E-01 
       341 -4.992186867E-01 -4.196916561E-03  1.017073844E+00 
       342  4.590136765E-01 -4.089655051E-03  1.715266062E-01 
       343  4.605592000E-01 -3.954611013E-03  1.745433598E-01 
       344  4.620763204E-01 -3.820836135E-03  1.776592189E-01 
       345  4.635649442E-01 -3.688379899E-03  1.808764617E-01 
       346 -4.994221829E-01 -3.609550355E-03  1.012160652E+00 
       347  4.650249794E-01 -3.557293273E-03  1.841974258E-01 
       348  4.664563360E-01 -3.427628623E-03  1.876245181E-01 
       349  4.678589258E-01 -3.299439636E-03  1.911602263E-01 
       350  4.692326623E-01 -3.172781220E-03  1.948071312E-01 
       351  4.705774607E-01 -3.047709421E-03  1.985679212E-01 
       352 -4.995950072E-01 -3.021275665E-03  1.001642671E+00 
       353  4.718932381E-01 -2.924281320E-03  2.024454082E-01 
       354  4.731799133E-01 -2.802554937E-03  2.064425456E-01 
       355  4.744374069E-01 -2.682589125E-03  2.105624487E-01 
       356  4.756656415E-01 -2.564443471E-03  2.148084174E-01 
       357  4.768645413E-01 -2.448178185E-03  2.191839624E-01 
       358 -4.997371359E-01 -2.432206113E-03  9.854020012E-01 
       359  4.780340323E-01 -2.333853992E-03  2.236928342E-01 
       360  4.791740423E-01 -2.221532021E-03  2.283390566E-01 
       361  4.802845012E-01 -2.111273691E-03  2.331269644E-01 
       362  4.813653404E-01 -2.003140599E-03  2.380612468E-01 
       363  4.824164932E-01 -1.897194404E-03  2.431469968E-01 
       364 -4.998485437E-01 -1.842456810E-03  9.635641174E-01 
       365  4.834378949E-01 -1.793496712E-03  2.483897680E-01 
       366  4.844294824E-01 -1.692108956E-03  2.537956405E-01 
       367  4.853911945E-01 -1.593092283E-03  2.593712968E-01 
       368  4.863229721E-01 -1.496507437E-03  2.651241109E-01 
       369  4.872247575E-01 -1.402414637E-03  2.710622519E-01 
       370  4.880964953E-01 -1.310873469E-03  2.771948066E-01 
       371 -4.999292034E-01 -1.252145090E-03  9.366068677E-01 
       372  4.889381316E-01 -1.221942762E-03  2.835319244E-01 
       373  4.897496145E-01 -1.135680481E-03  2.900849910E-01 
       374  4.905308940E-01 -1.052143608E-03  2.968668361E-01 
       375  4.912819220E-01 -9.713880336E-04  3.038919862E-01 
       376  4.920026520E-01 -8.934684447E-04  3.111769729E-01 
       377  4.926930398E-01 -8.184382188E-04  3.187407125E-01 
       378  4.933530426E-01 -7.463493174E-04  3.266049830E-01 
       379  4.939826198E-01 -6.772521824E-04  3.347950189E-01 
       380 -4.999790870E-01 -6.613912113E-04  9.052877210E-01 
       381  4.945817325E-01 -6.111956365E-04  3.433402807E-01 
       382  4.951503439E-01 -5.482267854E-04  3.522754480E-01 
       383  4.956884189E-01 -4.883909237E-04  3.616417332E-01 
       384  4.961959242E-01 -4.317314444E-04  3.714886305E-01 
       385  4.966728287E-01 -3.782897514E-04  3.818763442E-01 
       386  4.971191028E-01 -3.281051768E-04  3.928791312E-01 
       387  4.975347191E-01 -2.812149012E-04  4.045902675E-01 
       388  4.979196519E-01 -2.376538789E-04  4.171284970E-01 
       389  4.982738775E-01 -1.974547676E-04  4.306513111E-01 
       390  4.985973741E-01 -1.606478618E-04  4.453603246E-01 
       391  4.988901217E-01 -1.272610318E-04  4.615523358E-01 
       392  4.991521022E-01 -9.731966709E-05  4.794713703E-01 
       393  4.993832996E-01 -7.084662507E-05  4.998792784E-01 
       394 -4.999981658E-01 -7.031895022E-05  8.716343189E-01 
       395  4.995168999E-01 -5.552697142E-05  5.154638269E-01 
       396  4.996402298E-01 -4.137221906E-05  5.338655466E-01 
       397  4.997532896E-01 -2.838400191E-05  5.577457228E-01 
       398  4.998458022E-01 -1.774044188E-05  5.833180932E-01 
       399  4.999503277E-01 -5.714795751E-06  6.495578683E-01 
       400  5.000000000E-01  0.000000000E+00  6.778781640E-01 
       401  4.999514192E-01  1.182802305E-05  6.515460606E-01 
       402  4.998831882E-01  2.844027870E-05  5.939351895E-01 
       403  4.997914711E-01  5.077074005E-05  5.597128076E-01 
       404  4.996751912E-01  7.908150698E-05  5.295535649E-01 
       405  4.995382349E-01  1.124263864E-04  5.050175249E-01 
       406  4.993902438E-01  1.484579331E-04  4.842571845E-01 
       407  4.992445012E-01  1.839420023E-04  4.687399120E-01 
       408  4.990133009E-01  2.401379839E-04  4.512861668E-01 
       409  4.987513170E-01  3.037628594E-04  4.356160700E-01 
       410  4.984585656E-01  3.747928163E-04  4.207270146E-01 
       411  4.981350648E-01  4.532013290E-04  4.066864785E-01 
       412  4.977808346E-01  5.389591884E-04  3.933600887E-01 
       413  4.973958969E-01  6.320345335E-04  3.806712619E-01 
       414 -4.999860106E-01  6.866690384E-04  8.269929228E-01 
       415  4.969802752E-01  7.323928867E-04  3.685412666E-01 
       416  4.965339954E-01  8.399971914E-04  3.569074188E-01 
       417  4.960570850E-01  9.548078520E-04  3.457166985E-01 
       418  4.955495732E-01  1.076782778E-03  3.349224035E-01 
       419  4.950114915E-01  1.205877428E-03  3.244848969E-01 
       420  4.944428731E-01  1.342044860E-03  3.143709449E-01 
       421 -4.999426014E-01  1.443722647E-03  7.786759580E-01 
       422  4.938437530E-01  1.485235781E-03  3.045515597E-01 
       423  4.932141681E-01  1.635398598E-03  2.950015079E-01 
       424  4.925541574E-01  1.792479477E-03  2.856989059E-01 
       425  4.918637615E-01  1.956422398E-03  2.766246770E-01 
       426  4.911430230E-01  2.127169217E-03  2.677621170E-01 
       427 -4.998683291E-01  2.200770683E-03  7.258326198E-01 
       428  4.903919863E-01  2.304659721E-03  2.590965320E-01 
       429  4.896106979E-01  2.488831700E-03  2.506149426E-01 
       430  4.887992058E-01  2.679621007E-03  2.423058412E-01 
       431  4.879575602E-01  2.876961626E-03  2.341589892E-01 
       432 -4.997631854E-01  2.957749701E-03  6.695886564E-01 
       433  4.870858129E-01  3.080785740E-03  2.261652491E-01 
       434  4.861840178E-01  3.291023803E-03  2.183164419E-01 
       435  4.852522304E-01  3.507604607E-03  2.106052266E-01 
       436 -4.996271646E-01  3.714594803E-03  6.108947412E-01 
       437  4.842905082E-01  3.730455360E-03  2.030249977E-01 
       438  4.832989106E-01  3.959501755E-03  1.955697968E-01 
       439  4.822774988E-01  4.194668047E-03  1.882342325E-01 
       440  4.812263356E-01  4.435877128E-03  1.810134311E-01 
       441 -4.994602642E-01  4.471239821E-03  5.504193548E-01 
       442  4.801454860E-01  4.683050604E-03  1.739029610E-01 
       443  4.790350167E-01  4.936108871E-03  1.668987739E-01 
       444  4.778949961E-01  5.194971192E-03  1.599971866E-01 
       445 -4.992624846E-01  5.227617521E-03  4.885617535E-01 
       446  4.767254945E-01  5.459555776E-03  1.531948351E-01 
       447  4.755265841E-01  5.729779857E-03  1.464886399E-01 
       448 -4.990338297E-01  5.983659848E-03  4.257467359E-01 
       449  4.742983389E-01  6.005559771E-03  1.398757757E-01 
       450  4.730408346E-01  6.286811033E-03  1.333536445E-01 
       451  4.717541488E-01  6.573448419E-03  1.269198517E-01 
       452 -4.987743067E-01  6.739298163E-03  3.623889892E-01 
       453  4.704383608E-01  6.865386041E-03  1.205721847E-01 
       454  4.690935519E-01  7.162537427E-03  1.143085941E-01 
       455  4.677198049E-01  7.464815596E-03  1.081271764E-01 
       456 -4.984839259E-01  7.494463489E-03  2.989159242E-01 
       457  4.663172046E-01  7.772133136E-03  1.020261590E-01 
       458  4.648858376E-01  8.084402282E-03  9.600388646E-02 
       459 -4.981627014E-01  8.249086729E-03  2.357735996E-01 
       460  4.634257920E-01  8.401534987E-03  9.005880787E-02 
       461  4.619371581E-01  8.723443002E-03  8.418946517E-02 
       462 -4.978106502E-01  9.003098869E-03  1.734605954E-01 
       463  4.604200275E-01  9.050037943E-03  7.839448380E-02 
       464  4.588744940E-01  9.381231368E-03  7.267256359E-02 
       465  4.573006527E-01  9.716934848E-03  6.702246986E-02 
       466 -4.974277928E-01  9.756431144E-03  1.123930938E-01 
       467  4.556986009E-01  1.005706003E-02  6.144302574E-02 
       468  4.540684373E-01  1.040151872E-02  5.593310507E-02 
       469 -4.970141523E-01  1.050901517E-02  5.285452279E-02 
       470  4.524102625E-01  1.075022294E-02  5.049162574E-02 
       471  4.507241788E-01  1.110308497E-02  4.511754402E-02 
       472 -4.965697551E-01  1.126078306E-02 -4.885786780E-03 
       473  4.490102901E-01  1.146001747E-02  3.980984927E-02 
       474  4.472687022E-01  1.182093348E-02  3.456755901E-02 
       475 -4.960946301E-01  1.201166748E-02 -6.060288850E-02 
       476  4.454995226E-01  1.218574652E-02  2.938971446E-02 
       477  4.437028603E-01  1.255437063E-02  2.427537628E-02 
       478 -4.955888090E-01  1.276160167E-02 -1.140727952E-01 
       479  4.418788261E-01  1.292672042E-02  1.922362086E-02 
       480  4.400275327E-01  1.330271115E-02  1.423353682E-02 
       481 -4.950523258E-01  1.351051952E-02 -1.651462527E-01 
       482  4.381490942E-01  1.368225874E-02  9.304221861E-03 
       483  4.362436265E-01  1.406527986E-02  4.434779848E-03 
       484 -4.944852168E-01  1.425835552E-02 -2.137718763E-01 
       485  4.343112470E-01  1.445169196E-02 -3.756818074E-04 
       486  4.323520750E-01  1.484141331E-02 -5.128054530E-03 
       487 -4.938875206E-01  1.500504474E-02 -2.599191332E-01 
       488  4.303662314E-01  1.523436303E-02 -9.823230744E-03 
       489  4.283538387E-01  1.563046117E-02 -1.446210586E-02 
       490 -4.932592779E-01  1.575052282E-02 -3.035870785E-01 
       491  4.263150209E-01  1.602962869E-02 -1.904558000E-02 
       492  4.242499039E-01  1.643178756E-02 -2.357455961E-02 
       493 -4.926005314E-01  1.649472592E-02 -3.448003040E-01 
       494  4.221586150E-01  1.683686073E-02 -2.804995873E-02 
       495 -4.919113258E-01  1.723759067E-02 -3.836046450E-01 
       496  4.200412833E-01  1.724477219E-02 -3.247270042E-02 
       497  4.178980393E-01  1.765544700E-02 -3.684371778E-02 
       498 -4.911917074E-01  1.797905412E-02 -4.200628939E-01 
       499  4.157290152E-01  1.806881128E-02 -4.116395491E-02 
       500  4.135343449E-01  1.848479230E-02 -4.543436732E-02 
       501 -4.904417248E-01  1.871905371E-02 -4.542510013E-01 
       502  4.113141637E-01  1.890331839E-02 -4.965592373E-02 
       503  4.090686086E-01  1.932431908E-02 -5.382960870E-02 
       504 -4.896614279E-01  1.945752720E-02 -4.862545747E-01 
       505  4.067978181E-01  1.974772501E-02 -5.795642058E-02 
       506  4.045019322E-01  2.017346799E-02 -6.203736965E-02 
       507 -4.888508686E-01  2.019441262E-02 -5.161657433E-01 
       508  4.021810926E-01  2.060148099E-02 -6.607347616E-02 
       509 -4.880101007E-01  2.092964825E-02 -5.440800031E-01 
       510  3.998354425E-01  2.103169817E-02 -7.006577872E-02 
       511  3.974651265E-01  2.146405485E-02 -7.401533044E-02 
       512 -4.871391792E-01  2.166317255E-02 -5.700930000E-01 
       513  3.950702908E-01  2.189848750E-02 -7.792319217E-02 
       514  3.926510833E-01  2.233493380E-02 -8.179044065E-02 
       515 -4.862381614E-01  2.239492413E-02 -5.942909961E-01 
       516  3.902076530E-01  2.277333255E-02 -8.561816654E-02 
       517 -4.853071057E-01  2.312484175E-02 -6.167479189E-01 
       518  3.877401508E-01  2.321362372E-02 -8.940747518E-02 
       519  3.852487288E-01  2.365574842E-02 -9.315948143E-02 
       520 -4.843460727E-01  2.385286421E-02 -6.373856834E-01 
       521  3.827335407E-01  2.409964887E-02 -9.687530543E-02 
       522  3.801947417E-01  2.454526842E-02 -1.005560869E-01 
       523 -4.833551244E-01  2.457893041E-02 -6.563543464E-01 
       524  3.776324883E-01  2.499255148E-02 -1.042029845E-01 
       525 -4.823343244E-01  2.530297925E-02 -6.739910948E-01 
       526  3.750469387E-01  2.544144355E-02 -1.078171661E-01 
       527  3.724382523E-01  2.589189117E-02 -1.113998094E-01 
       528 -4.812837383E-01  2.602494966E-02 -6.904109966E-01 
       529  3.698065900E-01  2.634384189E-02 -1.149520995E-01 
       530 -4.802034331E-01  2.674478053E-02 -7.056961131E-01 
       531  3.671521142E-01  2.679724425E-02 -1.184752295E-01 
       532  3.644749886E-01  2.725204774E-02 -1.219704000E-01 
       533 -4.790934776E-01  2.746241076E-02 -7.199108097E-01 
       534  3.617753783E-01  2.770820280E-02 -1.254388182E-01 
       535  3.590534499E-01  2.816566073E-02 -1.288816975E-01 
       536 -4.779539422E-01  2.817777917E-02 -7.331178979E-01 
       537  3.563093713E-01  2.862437371E-02 -1.323002565E-01 
       538 -4.767848991E-01  2.889082452E-02 -7.453674022E-01 
       539  3.535433117E-01  2.908429473E-02 -1.356957187E-01 
       540  3.507554418E-01  2.954537755E-02 -1.390693107E-01 
       541 -4.755864222E-01  2.960148552E-02 -7.567004863E-01 
       542  3.479459335E-01  3.000757667E-02 -1.424222617E-01 
       543 -4.743585871E-01  3.030970075E-02 -7.671690936E-01 
       544  3.451149601E-01  3.047084728E-02 -1.457558027E-01 
       545  3.422626963E-01  3.093514522E-02 -1.490711643E-01 
       546 -4.731014709E-01  3.101540874E-02 -7.768290844E-01 
       547  3.393893180E-01  3.140042693E-02 -1.523695794E-01 
       548 -4.718151526E-01  3.171854788E-02 -7.857344443E-01 
       549  3.364950025E-01  3.186664942E-02 -1.556522720E-01 
       550  3.335799282E-01  3.233377019E-02 -1.589204527E-01 
       551 -4.704997129E-01  3.241905647E-02 -7.939376674E-01 
       552  3.306442751E-01  3.280174720E-02 -1.621753406E-01 
       553 -4.691552341E-01  3.311687267E-02 -8.014861312E-01 
       554  3.276882241E-01  3.327053882E-02 -1.654181594E-01 
       555  3.247119576E-01  3.374010379E-02 -1.686501263E-01 
       556 -4.677818004E-01  3.381193453E-02 -8.084229333E-01 
       557  3.217156593E-01  3.421040113E-02 -1.718724514E-01 
       558 -4.663794975E-01  3.450417995E-02 -8.147909159E-01 
       559  3.186995139E-01  3.468139013E-02 -1.750863351E-01 
       560  3.156637075E-01  3.515303028E-02 -1.782929683E-01 
       561 -4.649484129E-01  3.519354670E-02 -8.206298185E-01 
       562  3.126084273E-01  3.562528121E-02 -1.814935317E-01 
       563 -4.634886358E-01  3.587997241E-02 -8.259760867E-01 
       564  3.095338619E-01  3.609810265E-02 -1.846891949E-01 
       565 -4.620002570E-01  3.656339457E-02 -8.308636391E-01 
       566  3.064402008E-01  3.657145437E-02 -1.878811157E-01 
       567  3.033276350E-01  3.704529611E-02 -1.910704397E-01 
       568 -4.604833693E-01  3.724375050E-02 -8.353240462E-01 
       569  3.001963563E-01  3.751958756E-02 -1.942583043E-01 
       570 -4.589380669E-01  3.792097740E-02 -8.393866817E-01 
       571  2.970465580E-01  3.799428829E-02 -1.974458452E-01 
       572  2.938784343E-01  3.846935766E-02 -2.006341736E-01 
       573 -4.573644458E-01  3.859501227E-02 -8.430789049E-01 
       574  2.906921808E-01  3.894475485E-02 -2.038243684E-01 
       575 -4.557626038E-01  3.926579201E-02 -8.464260585E-01 
       576  2.874879938E-01  3.942043871E-02 -2.070174930E-01 
       577  2.842660711E-01  3.989636780E-02 -2.102145951E-01 
       578 -4.541326402E-01  3.993325331E-02 -8.494519428E-01 
       579  2.810266114E-01  4.037250027E-02 -2.134167052E-01 
       580 -4.524746562E-01  4.059733273E-02 -8.521777119E-01 
       581  2.777698145E-01  4.084879383E-02 -2.166248353E-01 
       582 -4.507887546E-01  4.125796668E-02 -8.546232610E-01 
       583  2.744958813E-01  4.132520571E-02 -2.198399778E-01 
       584  2.712050139E-01  4.180169260E-02 -2.230631045E-01 
       585 -4.490750399E-01  4.191509137E-02 -8.568082654E-01 
       586  2.678974151E-01  4.227821062E-02 -2.262951654E-01 
       587 -4.473336183E-01  4.256864288E-02 -8.587503579E-01 
       588  2.645732890E-01  4.275471523E-02 -2.295370884E-01 
       589 -4.455645975E-01  4.321855714E-02 -8.604657386E-01 
       590  2.612328406E-01  4.323116124E-02 -2.327897781E-01 
       591  2.578762760E-01  4.370750272E-02 -2.360541153E-01 
       592 -4.437680871E-01  4.386476989E-02 -8.619694775E-01 
       593  2.545038023E-01  4.418369298E-02 -2.393309562E-01 
       594 -4.419441984E-01  4.450721674E-02 -8.632755659E-01 
       595  2.511156275E-01  4.465968453E-02 -2.426211318E-01 
       596  2.477119605E-01  4.513542901E-02 -2.459254472E-01 
       597 -4.400930442E-01  4.514583312E-02 -8.643969958E-01 
       598  2.442930114E-01  4.561087720E-02 -2.492446813E-01 
       599 -4.382147390E-01  4.578055434E-02 -8.653458305E-01 
       600  2.408589910E-01  4.608597895E-02 -2.525795855E-01 
       601 -4.363093989E-01  4.641131553E-02 -8.661332662E-01 
       602  2.374101111E-01  4.656068312E-02 -2.559308842E-01 
       603  2.339465846E-01  4.703493763E-02 -2.592992733E-01 
       604 -4.343771419E-01  4.703805168E-02 -8.667696934E-01 
       605  2.304686250E-01  4.750868933E-02 -2.626854205E-01 
       606 -4.324180874E-01  4.766069764E-02 -8.672647527E-01 
       607  2.269764468E-01  4.798188403E-02 -2.660899643E-01 
       608 -4.304323564E-01  4.827918814E-02 -8.676273868E-01 
       609  2.234702655E-01  4.845446648E-02 -2.695135140E-01 
       610 -4.284200718E-01  4.889345774E-02 -8.678658901E-01 
       611  2.199502974E-01  4.892638028E-02 -2.729566492E-01 
       612  2.164167596E-01  4.939756794E-02 -2.764199193E-01 
       613 -4.263813578E-01  4.950344090E-02 -8.679879533E-01 
       614  2.128698701E-01  4.986797079E-02 -2.799038436E-01 
       615 -4.243163405E-01  5.010907194E-02 -8.680007061E-01 
       616  2.093098475E-01  5.033752900E-02 -2.834089110E-01 
       617 -4.222251474E-01  5.071028508E-02 -8.679107556E-01 
       618  2.057369117E-01  5.080618154E-02 -2.869355800E-01 
       619  2.021512828E-01  5.127386619E-02 -2.904842785E-01 
       620 -4.201079077E-01  5.130701441E-02 -8.677242229E-01 
       621  1.985531822E-01  5.174051950E-02 -2.940554034E-01 
       622 -4.179647523E-01  5.189919394E-02 -8.674467764E-01 
       623  1.949428317E-01  5.220607680E-02 -2.976492982E-01 
       624 -4.157958134E-01  5.248675757E-02 -8.670836630E-01 
       625  1.913204541E-01  5.267047217E-02 -3.012662699E-01 
       626 -4.136012250E-01  5.306963914E-02 -8.666397370E-01 
       627  1.876862728E-01  5.313363848E-02 -3.049066125E-01 
       628  1.840405120E-01  5.359550731E-02 -3.085705909E-01 
       629 -4.113811227E-01  5.364777238E-02 -8.661194868E-01 
       630  1.803833965E-01  5.405600904E-02 -3.122584363E-01 
       631 -4.091356436E-01  5.422109099E-02 -8.655270597E-01 
       632  1.767151520E-01  5.451507276E-02 -3.159703465E-01 
       633 -4.068649262E-01  5.478952860E-02 -8.648662849E-01 
       634  1.730360047E-01  5.497262637E-02 -3.197064854E-01 
       635 -4.045691108E-01  5.535301882E-02 -8.641406954E-01 
       636  1.693461816E-01  5.542859649E-02 -3.234669840E-01 
       637  1.656459103E-01  5.588290853E-02 -3.272519399E-01 
       638 -4.022483392E-01  5.591149519E-02 -8.633535471E-01 
       639  1.619354190E-01  5.633548669E-02 -3.310614178E-01 
       640 -3.999027545E-01  5.646489129E-02 -8.625078380E-01 
       641  1.582149365E-01  5.678625396E-02 -3.348954494E-01 
       642 -3.975325017E-01  5.701314065E-02 -8.616063251E-01 
       643  1.544846925E-01  5.723513214E-02 -3.387540338E-01 
       644 -3.951377269E-01  5.755617685E-02 -8.606515404E-01 
       645  1.507449170E-01  5.768204186E-02 -3.426371369E-01 
       646 -3.927185781E-01  5.809393348E-02 -8.596458059E-01 
       647  1.469958407E-01  5.812690261E-02 -3.465446923E-01 
       648  1.432376948E-01  5.856963274E-02 -3.504766010E-01 
       649 -3.902752045E-01  5.862634418E-02 -8.585912475E-01 
       650  1.394707112E-01  5.901014950E-02 -3.544327318E-01 
       651 -3.878077569E-01  5.915334267E-02 -8.574898075E-01 
       652  1.356951222E-01  5.944836906E-02 -3.584129213E-01 
       653 -3.853163877E-01  5.967486273E-02 -8.563432576E-01 
       654  1.319111607E-01  5.988420654E-02 -3.624169742E-01 
       655 -3.828012506E-01  6.019083825E-02 -8.551532091E-01 
       656  1.281190602E-01  6.031757605E-02 -3.664446637E-01 
       657 -3.802625008E-01  6.070120324E-02 -8.539211243E-01 
       658  1.243190545E-01  6.074839071E-02 -3.704957318E-01 
       659  1.205113781E-01  6.117656269E-02 -3.745698897E-01 
       660 -3.777002950E-01  6.120589184E-02 -8.526483257E-01 
       661  1.166962658E-01  6.160200322E-02 -3.786668181E-01 
       662 -3.751147913E-01  6.170483837E-02 -8.513360058E-01 
       663  1.128739530E-01  6.202462270E-02 -3.827861684E-01 
       664 -3.725061492E-01  6.219797732E-02 -8.499852351E-01 
       665  1.090446753E-01  6.244433066E-02 -3.869275633E-01 
       666 -3.698745298E-01  6.268524339E-02 -8.485969706E-01 
       667  1.052086692E-01  6.286103585E-02 -3.910905988E-01 
       668 -3.672200954E-01  6.316657151E-02 -8.471720634E-01 
       669  1.013661711E-01  6.327464625E-02 -3.952748474E-01 
       670 -3.645430098E-01  6.364189686E-02 -8.457112655E-01 
       671  9.751741809E-02  6.368506917E-02 -3.994798550E-01 
       672  9.366264758E-02  6.409221124E-02 -4.037051425E-01 
       673 -3.618434382E-01  6.411115491E-02 -8.442152368E-01 
       674  8.980209736E-02  6.449597847E-02 -4.079502069E-01 
       675 -3.591215472E-01  6.457428141E-02 -8.426845511E-01 
       676  8.593600555E-02  6.489627633E-02 -4.122145133E-01 
       677 -3.563775047E-01  6.503121248E-02 -8.411197024E-01 
       678  8.206461065E-02  6.529300977E-02 -4.164974959E-01 
       679 -3.536114800E-01  6.548188456E-02 -8.395211101E-01 
       680  7.818815144E-02  6.568608330E-02 -4.207985624E-01 
       681 -3.508236438E-01  6.592623451E-02 -8.378891246E-01 
       682  7.430686705E-02  6.607540101E-02 -4.251170946E-01 
       683 -3.480141681E-01  6.636419957E-02 -8.362240320E-01 
       684  7.042099691E-02  6.646086663E-02 -4.294524476E-01 
       685 -3.451832263E-01  6.679571746E-02 -8.345260589E-01 
       686  6.653078070E-02  6.684238364E-02 -4.338039461E-01 
       687  6.263645839E-02  6.721985525E-02 -4.381708780E-01 
       688 -3.423309930E-01  6.722072636E-02 -8.327953769E-01 
       689  5.873827021E-02  6.759318450E-02 -4.425524774E-01 
       690 -3.394576441E-01  6.763916496E-02 -8.310321070E-01 
       691  5.483645661E-02  6.796227431E-02 -4.469478991E-01 
       692 -3.365633571E-01  6.805097247E-02 -8.292363232E-01 
       693  5.093125829E-02  6.832702755E-02 -4.513562681E-01 
       694 -3.336483103E-01  6.845608870E-02 -8.274080565E-01 
       695  4.702291612E-02  6.868734708E-02 -4.557766831E-01 
       696 -3.307126838E-01  6.885445405E-02 -8.255472986E-01 
       697  4.311167120E-02  6.904313582E-02 -4.602082436E-01 
       698 -3.277566585E-01  6.924600955E-02 -8.236540055E-01 
       699  3.919776479E-02  6.939429681E-02 -4.646501701E-01 
       700 -3.247804168E-01  6.963069690E-02 -8.217281000E-01 
       701  3.528143832E-02  6.974073328E-02 -4.691017300E-01 
       702 -3.217841425E-01  7.000845853E-02 -8.197694760E-01 
       703  3.136293338E-02  7.008234870E-02 -4.735621495E-01 
       704 -3.187680203E-01  7.037923757E-02 -8.177780005E-01 
       705  2.744249166E-02  7.041904684E-02 -4.780306149E-01 
       706 -3.157322362E-01  7.074297795E-02 -8.157535169E-01 
       707  2.352035502E-02  7.075073183E-02 -4.825062656E-01 
       708  1.959676538E-02  7.107730825E-02 -4.869882094E-01 
       709 -3.126769777E-01  7.109962442E-02 -8.136958475E-01 
       710  1.567196477E-02  7.139868115E-02 -4.914755304E-01 
       711 -3.096024331E-01  7.144912255E-02 -8.116047966E-01 
       712  1.174619530E-02  7.171475614E-02 -4.959672959E-01 
       713 -3.065087922E-01  7.179141881E-02 -8.094801524E-01 
       714  7.819699127E-03  7.202543944E-02 -5.004625599E-01 
       715 -3.033962457E-01  7.212646060E-02 -8.073216896E-01 
       716  3.892718457E-03  7.233063796E-02 -5.049603654E-01 
       717 -3.002649858E-01  7.245419625E-02 -8.051291719E-01 
       718 -3.450447006E-05  7.263025931E-02 -5.094597466E-01 
       719 -2.971152056E-01  7.277457512E-02 -8.029023540E-01 
       720 -3.961727403E-03  7.292421192E-02 -5.139597296E-01 
       721 -2.939470994E-01  7.308754757E-02 -8.006409836E-01 
       722 -7.888708088E-03  7.321240508E-02 -5.184593346E-01 
       723 -2.907608626E-01  7.339306506E-02 -7.983448039E-01 
       724 -1.181520429E-02  7.349474898E-02 -5.229575771E-01 
       725 -2.875566918E-01  7.369108014E-02 -7.960135550E-01 
       726 -1.574097380E-02  7.377115477E-02 -5.274534699E-01 
       727 -2.843347847E-01  7.398154651E-02 -7.936469760E-01 
       728 -1.966577445E-02  7.404153467E-02 -5.319460273E-01 
       729 -2.810953400E-01  7.426441906E-02 -7.912448070E-01 
       730 -2.358936414E-02  7.430580195E-02 -5.364342653E-01 
       731 -2.778385575E-01  7.453965391E-02 -7.888067905E-01 
       732 -2.751150085E-02  7.456387103E-02 -5.409171854E-01 
       733 -2.745646383E-01  7.480720842E-02 -7.863326733E-01 
       734 -3.143194262E-02  7.481565754E-02 -5.453937656E-01 
       735 -3.535044764E-02  7.506107834E-02 -5.498630221E-01 
       736 -2.712737842E-01  7.506704127E-02 -7.838222081E-01 
       737 -3.926677417E-02  7.530005162E-02 -5.543240068E-01 
       738 -2.679661982E-01  7.531911247E-02 -7.812751547E-01 
       739 -4.318068064E-02  7.553249691E-02 -5.587757326E-01 
       740 -2.646420844E-01  7.556338339E-02 -7.786912819E-01 
       741 -4.709192562E-02  7.575833515E-02 -5.632170196E-01 
       742 -2.613016479E-01  7.579981684E-02 -7.760703688E-01 
       743 -5.100026784E-02  7.597748873E-02 -5.676478837E-01 
       744 -2.579450947E-01  7.602837705E-02 -7.734122060E-01 
       745 -5.490546621E-02  7.618988154E-02 -5.720714863E-01 
       746 -2.545726319E-01  7.624902976E-02 -7.707165970E-01 
       747 -5.880727983E-02  7.639543904E-02 -5.764875645E-01 
       748 -2.511844675E-01  7.646174221E-02 -7.679833595E-01 
       749 -6.270546802E-02  7.659408826E-02 -5.808927140E-01 
       750 -2.477808106E-01  7.666648321E-02 -7.652123265E-01 
       751 -6.659979031E-02  7.678575788E-02 -5.852848538E-01 
       752 -2.443618710E-01  7.686322316E-02 -7.624033476E-01 
       753 -7.049000648E-02  7.697037826E-02 -5.896617231E-01 
       754 -2.409278598E-01  7.705193408E-02 -7.595562898E-01 
       755 -7.437587656E-02  7.714788148E-02 -5.940216820E-01 
       756 -2.374789886E-01  7.723258967E-02 -7.566710390E-01 
       757 -7.825716083E-02  7.731820137E-02 -5.983632808E-01 
       758 -2.340154704E-01  7.740516529E-02 -7.537475004E-01 
       759 -8.213361989E-02  7.748127357E-02 -6.026852355E-01 
       760 -2.305375188E-01  7.756963807E-02 -7.507856000E-01 
       761 -8.600501461E-02  7.763703555E-02 -6.069863293E-01 
       762 -2.270453482E-01  7.772598686E-02 -7.477852851E-01 
       763 -8.987110617E-02  7.778542663E-02 -6.112653928E-01 
       764 -2.235391742E-01  7.787419232E-02 -7.447465255E-01 
       765 -9.373165610E-02  7.792638804E-02 -6.155213900E-01 
       766 -2.200192130E-01  7.801423692E-02 -7.416693141E-01 
       767 -9.758642624E-02  7.805986293E-02 -6.197535864E-01 
       768 -2.164856817E-01  7.814610499E-02 -7.385536675E-01 
       769 -1.014351788E-01  7.818579643E-02 -6.239614335E-01 
       770 -2.129387984E-01  7.826978273E-02 -7.353996271E-01 
       771 -1.052776764E-01  7.830413561E-02 -6.281442672E-01 
       772 -2.093787818E-01  7.838525824E-02 -7.322072596E-01 
       773 -1.091136820E-01  7.841482959E-02 -6.323012804E-01 
       774 -2.058058515E-01  7.849252156E-02 -7.289766587E-01 
       775 -1.129429589E-01  7.851782949E-02 -6.364316072E-01 
       776 -2.022202280E-01  7.859156468E-02 -7.257079431E-01 
       777 -1.167652710E-01  7.861308850E-02 -6.405343805E-01 
       778 -1.986221323E-01  7.868238155E-02 -7.224012871E-01 
       779 -1.205803825E-01  7.870056188E-02 -6.446088100E-01 
       780 -1.950117866E-01  7.876496817E-02 -7.190568458E-01 
       781 -1.243880579E-01  7.878020696E-02 -6.486541893E-01 
       782 -1.913894134E-01  7.883932250E-02 -7.156747972E-01 
       783 -1.281880625E-01  7.885198319E-02 -6.526699108E-01 
       784 -1.877552363E-01  7.890544459E-02 -7.122554013E-01 
       785 -1.319801619E-01  7.891585214E-02 -6.566554020E-01 
       786 -1.841094795E-01  7.896333654E-02 -7.087989268E-01 
       787 -1.357641220E-01  7.897177751E-02 -6.606099347E-01 
       788 -1.804523677E-01  7.901300250E-02 -7.053056741E-01 
       789 -1.395397096E-01  7.901972512E-02 -6.645326073E-01 
       790 -1.767841266E-01  7.905444875E-02 -7.017759783E-01 
       791 -1.433066916E-01  7.905966296E-02 -6.684205612E-01 
       792 -1.731049826E-01  7.908768365E-02 -6.982102125E-01 
       793 -1.470648357E-01  7.909156116E-02 -6.722697417E-01 
       794 -1.694151625E-01  7.911271771E-02 -6.946087893E-01 
       795 -1.508139101E-01  7.911539202E-02 -6.760803944E-01 
       796 -1.657148940E-01  7.912956353E-02 -6.909721565E-01 
       797 -1.545536836E-01  7.913112999E-02 -6.798550911E-01 
       798 -1.620044053E-01  7.913823589E-02 -6.873007759E-01 
       799 -1.582839253E-01  7.913875168E-02 -6.835950356E-01 
