nodenumber     x-coordinate     y-coordinate pressure-coefficient 
         1 -2.809555191E-01 -4.228343700E-02  3.507769934E-01 
         2 -2.841949771E-01 -4.228279136E-02  3.535321245E-01 
         3 -2.776987240E-01 -4.227986010E-02  3.480759661E-01 
         4 -2.874168984E-01 -4.227785207E-02  3.563435878E-01 
         5 -2.744247927E-01 -4.227213121E-02  3.454270680E-01 
         6 -2.906210840E-01 -4.226854750E-02  3.592134864E-01 
         7 -2.711339273E-01 -4.226032024E-02  3.428283424E-01 
         8 -2.938073365E-01 -4.225480565E-02  3.621436123E-01 
         9 -2.678263307E-01 -4.224449632E-02  3.402778977E-01 
        10 -2.969754592E-01 -4.223655415E-02  3.651359367E-01 
        11 -2.645022068E-01 -4.222472783E-02  3.377738965E-01 
        12 -3.001252568E-01 -4.221372045E-02  3.681926207E-01 
        13 -2.611617609E-01 -4.220108223E-02  3.353145477E-01 
        14 -3.032565350E-01 -4.218623182E-02  3.713162393E-01 
        15 -2.578051988E-01 -4.217362604E-02  3.328981499E-01 
        16 -3.063691006E-01 -4.215401549E-02  3.745095496E-01 
        17 -2.544327276E-01 -4.214242478E-02  3.305231094E-01 
        18 -3.094627616E-01 -4.211699873E-02  3.777750481E-01 
        19 -2.510445554E-01 -4.210754286E-02  3.281878783E-01 
        20 -3.125373273E-01 -4.207510895E-02  3.811151558E-01 
        21 -2.476408912E-01 -4.206904358E-02  3.258909425E-01 
        22 -3.155926080E-01 -4.202827378E-02  3.845323761E-01 
        23 -2.442219449E-01 -4.202698903E-02  3.236308370E-01 
        24 -2.407879273E-01 -4.198144004E-02  3.214061514E-01 
        25 -3.186284153E-01 -4.197642118E-02  3.880292694E-01 
        26 -2.373390504E-01 -4.193245617E-02  3.192155322E-01 
        27 -3.216445619E-01 -4.191947954E-02  3.916084690E-01 
        28 -2.338755268E-01 -4.188009561E-02  3.170576943E-01 
        29 -3.246408618E-01 -4.185737776E-02  3.952726832E-01 
        30 -2.303975702E-01 -4.182441517E-02  3.149314896E-01 
        31 -3.276171302E-01 -4.179004533E-02  3.990247007E-01 
        32 -2.269053952E-01 -4.176547022E-02  3.128357844E-01 
        33 -3.305731835E-01 -4.171741250E-02  4.028674193E-01 
        34 -2.233992171E-01 -4.170331470E-02  3.107694133E-01 
        35 -3.335088394E-01 -4.163941028E-02  4.068035519E-01 
        36 -2.198792522E-01 -4.163800103E-02  3.087312984E-01 
        37 -2.163457176E-01 -4.156958013E-02  3.067204249E-01 
        38 -3.364239169E-01 -4.155597060E-02  4.108357423E-01 
        39 -2.127988314E-01 -4.149810136E-02  3.047358379E-01 
        40 -3.393182361E-01 -4.146702641E-02  4.149668878E-01 
        41 -2.092388122E-01 -4.142361255E-02  3.027766380E-01 
        42 -3.421916186E-01 -4.137251171E-02  4.191999881E-01 
        43 -2.056658797E-01 -4.134615994E-02  3.008419794E-01 
        44 -3.450438871E-01 -4.127236172E-02  4.235380738E-01 
        45 -2.020802543E-01 -4.126578817E-02  2.989310696E-01 
        46 -1.984821572E-01 -4.118254033E-02  2.970431692E-01 
        47 -3.478748658E-01 -4.116651292E-02  4.279841855E-01 
        48 -1.948718102E-01 -4.109645789E-02  2.951775890E-01 
        49 -3.506843800E-01 -4.105490318E-02  4.325413765E-01 
        50 -1.912494362E-01 -4.100758073E-02  2.933336894E-01 
        51 -3.534722565E-01 -4.093747183E-02  4.372127251E-01 
        52 -1.876152585E-01 -4.091594717E-02  2.915108789E-01 
        53 -1.839695013E-01 -4.082159393E-02  2.897086134E-01 
        54 -3.562383233E-01 -4.081415972E-02  4.420013349E-01 
        55 -1.803123896E-01 -4.072455620E-02  2.879263954E-01 
        56 -3.589824098E-01 -4.068490938E-02  4.469103299E-01 
        57 -1.766441488E-01 -4.062486760E-02  2.861637729E-01 
        58 -3.617043469E-01 -4.054966505E-02  4.519428639E-01 
        59 -1.729650054E-01 -4.052256027E-02  2.844203382E-01 
        60 -1.692751861E-01 -4.041766483E-02  2.826957268E-01 
        61 -3.644039666E-01 -4.040837276E-02  4.571020966E-01 
        62 -1.655749186E-01 -4.031021044E-02  2.809896164E-01 
        63 -3.670811026E-01 -4.026098045E-02  4.623911841E-01 
        64 -1.618644313E-01 -4.020022485E-02  2.793017255E-01 
        65 -3.697355896E-01 -4.010743803E-02  4.678133014E-01 
        66 -1.581439529E-01 -4.008773440E-02  2.776318119E-01 
        67 -1.544137129E-01 -3.997276409E-02  2.759796719E-01 
        68 -3.723672640E-01 -3.994769744E-02  4.733716285E-01 
        69 -1.506739415E-01 -3.985533762E-02  2.743451384E-01 
        70 -3.749759635E-01 -3.978171275E-02  4.790693418E-01 
        71 -1.469248693E-01 -3.973547741E-02  2.727280798E-01 
        72 -1.431667276E-01 -3.961320470E-02  2.711283982E-01 
        73 -3.775615273E-01 -3.960944022E-02  4.849096080E-01 
        74 -1.393997483E-01 -3.948853954E-02  2.695460283E-01 
        75 -3.801237959E-01 -3.943083838E-02  4.908955781E-01 
        76 -1.356241636E-01 -3.936150092E-02  2.679809359E-01 
        77 -3.826626113E-01 -3.924586808E-02  4.970303810E-01 
        78 -1.318402065E-01 -3.923210675E-02  2.664331178E-01 
        79 -1.280481104E-01 -3.910037398E-02  2.649026013E-01 
        80 -3.851778170E-01 -3.905449256E-02  5.033171173E-01 
        81 -1.242481093E-01 -3.896631865E-02  2.633894402E-01 
        82 -3.876692579E-01 -3.885667754E-02  5.097588520E-01 
        83 -1.204404374E-01 -3.882995593E-02  2.618937138E-01 
        84 -1.166253297E-01 -3.869130022E-02  2.604155245E-01 
        85 -3.901367804E-01 -3.865239121E-02  5.163586076E-01 
        86 -1.128030216E-01 -3.855036520E-02  2.589549960E-01 
        87 -3.925802323E-01 -3.844160436E-02  5.231193567E-01 
        88 -1.089737487E-01 -3.840716392E-02  2.575122704E-01 
        89 -1.051377474E-01 -3.826170883E-02  2.560875049E-01 
        90 -3.949994630E-01 -3.822429040E-02  5.300440256E-01 
        91 -1.012952542E-01 -3.811401193E-02  2.546808719E-01 
        92 -3.973943233E-01 -3.800042538E-02  5.371354557E-01 
        93 -9.744650610E-02 -3.796408475E-02  2.532925646E-01 
        94 -9.359174061E-02 -3.781193850E-02  2.519228274E-01 
        95 -3.997646656E-01 -3.776998809E-02  5.443963660E-01 
        96 -8.973119547E-02 -3.765758413E-02  2.505720124E-01 
        97 -4.021103438E-01 -3.753296007E-02  5.518293654E-01 
        98 -8.586510882E-02 -3.750103237E-02  2.492404228E-01 
        99 -8.199371913E-02 -3.734229385E-02  2.479283213E-01 
       100 -4.044312132E-01 -3.728932565E-02  5.594369494E-01 
       101 -7.811726521E-02 -3.718137916E-02  2.466360871E-01 
       102 -4.067271309E-01 -3.703907200E-02  5.672214866E-01 
       103 -7.423598617E-02 -3.701829894E-02  2.453642038E-01 
       104 -7.035012144E-02 -3.685306392E-02  2.441133764E-01 
       105 -4.089979552E-01 -3.678218913E-02  5.751852000E-01 
       106 -6.645991072E-02 -3.668568504E-02  2.428844513E-01 
       107 -4.112435462E-01 -3.651866998E-02  5.833301459E-01 
       108 -6.256559396E-02 -3.651617351E-02  2.416786773E-01 
       109 -5.866741139E-02 -3.634454085E-02  2.404957979E-01 
       110 -4.134637655E-01 -3.624851037E-02  5.916581916E-01 
       111 -5.476560346E-02 -3.617079903E-02  2.393346566E-01 
       112 -5.086041086E-02 -3.599496049E-02  2.381951050E-01 
       113 -4.156584762E-01 -3.597170909E-02  6.001709908E-01 
       114 -4.695207449E-02 -3.581703823E-02  2.370770876E-01 
       115 -4.178275431E-01 -3.568826788E-02  6.088699586E-01 
       116 -4.304083541E-02 -3.563704586E-02  2.359806950E-01 
       117 -3.912693491E-02 -3.545499769E-02  2.349060684E-01 
       118 -4.199708326E-01 -3.539819144E-02  6.177562421E-01 
       119 -3.521061439E-02 -3.527090879E-02  2.338533682E-01 
       120 -4.220882125E-01 -3.510148749E-02  6.268306898E-01 
       121 -3.129211545E-02 -3.508479505E-02  2.328227555E-01 
       122 -2.737167978E-02 -3.489667322E-02  2.318143895E-01 
       123 -4.241795525E-01 -3.479816672E-02  6.360938167E-01 
       124 -2.344954923E-02 -3.470656099E-02  2.308284070E-01 
       125 -1.952596572E-02 -3.451447704E-02  2.298649486E-01 
       126 -4.262447235E-01 -3.448824283E-02  6.455457668E-01 
       127 -1.560117128E-02 -3.432044110E-02  2.289241604E-01 
       128 -4.282835985E-01 -3.417173254E-02  6.551862676E-01 
       129 -1.167540801E-02 -3.412447397E-02  2.280061620E-01 
       130 -7.748918070E-03 -3.392659759E-02  2.271110609E-01 
       131 -4.302960518E-01 -3.384865556E-02  6.650145949E-01 
       132 -3.821943655E-03 -3.372683506E-02  2.262389508E-01 
       133  1.052729985E-04 -3.352521073E-02  2.253899105E-01 
       134 -4.322819594E-01 -3.351903461E-02  6.750295099E-01 
       135  4.032489642E-03 -3.332175014E-02  2.245640025E-01 
       136 -4.342411991E-01 -3.318289542E-02  6.852291950E-01 
       137  7.959464029E-03 -3.311648017E-02  2.237612775E-01 
       138  1.188595393E-02 -3.290942895E-02  2.229817749E-01 
       139 -4.361736502E-01 -3.284026667E-02  6.956112057E-01 
       140  1.581171713E-02 -3.270062597E-02  2.222254999E-01 
       141 -4.380791937E-01 -3.249118006E-02  7.061723953E-01 
       142  1.973651149E-02 -3.249010207E-02  2.214924346E-01 
       143  2.366009490E-02 -3.227788943E-02  2.207825519E-01 
       144 -4.399577124E-01 -3.213567023E-02  7.169088353E-01 
       145  2.758222534E-02 -3.206402162E-02  2.200957950E-01 
       146  3.150266087E-02 -3.184853359E-02  2.194320490E-01 
       147 -4.418090905E-01 -3.177377476E-02  7.278157282E-01 
       148  3.542115968E-02 -3.163146168E-02  2.187911981E-01 
       149  3.933748004E-02 -3.141284360E-02  2.181732268E-01 
       150 -4.436332142E-01 -3.140553417E-02  7.388873108E-01 
       151  4.325138039E-02 -3.119271845E-02  2.175780157E-01 
       152 -4.454299711E-01 -3.103099185E-02  7.501167458E-01 
       153  4.716261930E-02 -3.097112670E-02  2.170053356E-01 
       154  5.107095550E-02 -3.074811018E-02  2.164549916E-01 
       155 -4.471992509E-01 -3.065019411E-02  7.614960022E-01 
       156  5.497614792E-02 -3.052371204E-02  2.159267605E-01 
       157  5.887795568E-02 -3.029797677E-02  2.154203989E-01 
       158 -4.489409446E-01 -3.026319007E-02  7.730157212E-01 
       159  6.277613807E-02 -3.007095014E-02  2.149356380E-01 
       160 -4.506549452E-01 -2.987003169E-02  7.846650671E-01 
       161  6.667045467E-02 -2.984267918E-02  2.144721830E-01 
       162  7.056066524E-02 -2.961321216E-02  2.140297155E-01 
       163 -4.523411473E-01 -2.947077371E-02  7.964315608E-01 
       164  7.444652982E-02 -2.938259853E-02  2.136078925E-01 
       165  7.832780872E-02 -2.915088889E-02  2.132063479E-01 
       166 -4.539994472E-01 -2.906547362E-02  8.083008940E-01 
       167  8.220426253E-02 -2.891813497E-02  2.128246919E-01 
       168  8.607565212E-02 -2.868438951E-02  2.124625051E-01 
       169 -4.556297433E-01 -2.865419165E-02  8.202567211E-01 
       170  8.994173870E-02 -2.844970629E-02  2.121193388E-01 
       171 -4.572319352E-01 -2.823699066E-02  8.322804289E-01 
       172  9.380228379E-02 -2.821414004E-02  2.117947204E-01 
       173  9.765704926E-02 -2.797774635E-02  2.114881551E-01 
       174 -4.588059247E-01 -2.781393621E-02  8.443508774E-01 
       175  1.015057973E-01 -2.774058167E-02  2.111991326E-01 
       176  1.053482906E-01 -2.750270321E-02  2.109271049E-01 
       177 -4.603516152E-01 -2.738509642E-02  8.564441091E-01 
       178  1.091842920E-01 -2.726416886E-02  2.106715429E-01 
       179  1.130135650E-01 -2.702503715E-02  2.104318908E-01 
       180 -4.618689120E-01 -2.695054198E-02  8.685330245E-01 
       181  1.168358733E-01 -2.678536716E-02  2.102075145E-01 
       182  1.206509812E-01 -2.654521845E-02  2.099977376E-01 
       183 -4.633577221E-01 -2.651034608E-02  8.805870211E-01 
       184  1.244586533E-01 -2.630465098E-02  2.098018662E-01 
       185 -4.648179542E-01 -2.606458441E-02  8.925715868E-01 
       186  1.282586548E-01 -2.606372506E-02  2.096192287E-01 
       187  1.320507513E-01 -2.582250119E-02  2.094491479E-01 
       188 -4.662495191E-01 -2.561333503E-02  9.044478408E-01 
       189  1.358347088E-01 -2.558104008E-02  2.092909404E-01 
       190  1.396102940E-01 -2.533940250E-02  2.091439189E-01 
       191 -4.676523292E-01 -2.515667842E-02  9.161720294E-01 
       192  1.433772739E-01 -2.509764921E-02  2.090074002E-01 
       193  1.471354162E-01 -2.485584089E-02  2.088807186E-01 
       194 -4.690262988E-01 -2.469469736E-02  9.276949372E-01 
       195  1.508844890E-01 -2.461403802E-02  2.087632481E-01 
       196  1.546242611E-01 -2.437230085E-02  2.086543892E-01 
       197 -4.703713441E-01 -2.422747690E-02  9.389612653E-01 
       198  1.583545019E-01 -2.413068924E-02  2.085535626E-01 
       199  1.620749812E-01 -2.388926265E-02  2.084599582E-01 
       200 -4.716873831E-01 -2.375510432E-02  9.499088354E-01 
       201  1.657854695E-01 -2.364807998E-02  2.083724844E-01 
       202  1.694857379E-01 -2.340719956E-02  2.082900587E-01 
       203 -4.729743357E-01 -2.327766908E-02  9.604678336E-01 
       204  1.731755583E-01 -2.316667898E-02  2.082116914E-01 
       205  1.768547029E-01 -2.292657508E-02  2.081365080E-01 
       206 -4.742321237E-01 -2.279526273E-02  9.705596324E-01 
       207  1.805229448E-01 -2.268694384E-02  2.080638698E-01 
       208  1.841800578E-01 -2.244784026E-02  2.079934016E-01 
       209 -4.754606707E-01 -2.230797890E-02  9.800955408E-01 
       210  1.878258163E-01 -2.220931835E-02  2.079253617E-01 
       211  1.914599954E-01 -2.197143100E-02  2.078597357E-01 
       212 -4.766599024E-01 -2.181591324E-02  9.889758478E-01 
       213  1.950823709E-01 -2.173422991E-02  2.077953764E-01 
       214  1.986927193E-01 -2.149776553E-02  2.077311999E-01 
       215 -4.778297463E-01 -2.131916334E-02  9.970852450E-01 
       216  2.022908180E-01 -2.126208698E-02  2.076664395E-01 
       217  2.058764450E-01 -2.102724198E-02  2.076003324E-01 
       218 -4.789701319E-01 -2.081782867E-02  1.004295058E+00 
       219  2.094493792E-01 -2.079327678E-02  2.075322127E-01 
       220  2.130094000E-01 -2.056023610E-02  2.074614672E-01 
       221  2.165562880E-01 -2.032816305E-02  2.073875204E-01 
       222 -4.800809906E-01 -2.031201057E-02  1.010455497E+00 
       223  2.200898243E-01 -2.009709913E-02  2.073098229E-01 
       224  2.236097910E-01 -1.986708409E-02  2.072278475E-01 
       225 -4.811622558E-01 -1.980181214E-02  1.015384660E+00 
       226  2.271159710E-01 -1.963815595E-02  2.071410803E-01 
       227  2.306081479E-01 -1.941035092E-02  2.070490383E-01 
       228 -4.822138630E-01 -1.928733819E-02  1.018884239E+00 
       229  2.340861063E-01 -1.918370335E-02  2.069512724E-01 
       230  2.375496317E-01 -1.895824572E-02  2.068473515E-01 
       231 -4.832357497E-01 -1.876869521E-02  1.020764638E+00 
       232  2.409985105E-01 -1.873400857E-02  2.067368733E-01 
       233  2.444325298E-01 -1.851102051E-02  2.066194528E-01 
       234  2.478514780E-01 -1.828930814E-02  2.064947460E-01 
       235 -4.842278553E-01 -1.824599126E-02  1.020826163E+00 
       236  2.512551440E-01 -1.806889608E-02  2.063624297E-01 
       237  2.546433179E-01 -1.784980692E-02  2.062222743E-01 
       238 -4.851901214E-01 -1.771933594E-02  1.018817778E+00 
       239  2.580157908E-01 -1.763206122E-02  2.060741233E-01 
       240  2.613723545E-01 -1.741567749E-02  2.059178084E-01 
       241  2.647128020E-01 -1.720067219E-02  2.057531931E-01 
       242 -4.861224917E-01 -1.718884030E-02  1.014450696E+00 
       243  2.680369273E-01 -1.698705974E-02  2.055801677E-01 
       244  2.713445253E-01 -1.677485251E-02  2.053986563E-01 
       245 -4.870249120E-01 -1.665461676E-02  1.007453691E+00 
       246  2.746353920E-01 -1.656406086E-02  2.052086153E-01 
       247  2.779093243E-01 -1.635469310E-02  2.050100246E-01 
       248  2.811661204E-01 -1.614675557E-02  2.048028937E-01 
       249 -4.878973302E-01 -1.611677908E-02  9.975193501E-01 
       250  2.844055793E-01 -1.594025261E-02  2.045872508E-01 
       251  2.876275012E-01 -1.573518663E-02  2.043632119E-01 
       252 -4.887396965E-01 -1.557544221E-02  9.842968541E-01 
       253  2.908316873E-01 -1.553155814E-02  2.041310060E-01 
       254  2.940179401E-01 -1.532936574E-02  2.038908862E-01 
       255  2.971860628E-01 -1.512860623E-02  2.036431327E-01 
       256 -4.895519630E-01 -1.503072226E-02  9.674308663E-01 
       257  3.003358602E-01 -1.492927461E-02  2.033880698E-01 
       258  3.034671379E-01 -1.473136414E-02  2.031260633E-01 
       259  3.065797028E-01 -1.453486641E-02  2.028575251E-01 
       260 -4.903340845E-01 -1.448273637E-02  9.465042006E-01 
       261  3.096733628E-01 -1.433977139E-02  2.025829141E-01 
       262  3.127479271E-01 -1.414606747E-02  2.023027366E-01 
       263  3.158032061E-01 -1.395374158E-02  2.020175477E-01 
       264 -4.910860176E-01 -1.393160262E-02  9.210287028E-01 
       265  3.188390113E-01 -1.376277921E-02  2.017279511E-01 
       266  3.218551554E-01 -1.357316450E-02  2.014346008E-01 
       267  3.248514524E-01 -1.338488034E-02  2.011382018E-01 
       268 -4.918077214E-01 -1.337743994E-02  8.904629998E-01 
       269  3.278277174E-01 -1.319790841E-02  2.008395117E-01 
       270  3.307837669E-01 -1.301222929E-02  2.005393443E-01 
       271  3.337194185E-01 -1.282782256E-02  2.002385719E-01 
       272 -4.924991571E-01 -1.282036795E-02  8.542164991E-01 
       273  3.366344910E-01 -1.264466683E-02  1.999381304E-01 
       274  3.395288048E-01 -1.246273992E-02  1.996390190E-01 
       275  3.424021812E-01 -1.228201887E-02  1.993423112E-01 
       276 -4.931602885E-01 -1.226050688E-02  8.116585733E-01 
       277  3.452544430E-01 -1.210248007E-02  1.990491581E-01 
       278  3.480854143E-01 -1.192409938E-02  1.987608159E-01 
       279  3.508949204E-01 -1.174685218E-02  1.984786176E-01 
       280 -4.937910812E-01 -1.169797735E-02  7.621334212E-01 
       281  3.536827880E-01 -1.157071352E-02  1.982040827E-01 
       282  3.564488452E-01 -1.139565819E-02  1.979392325E-01 
       283  3.591929213E-01 -1.122166081E-02  1.976859283E-01 
       284 -4.943915036E-01 -1.113290031E-02  7.049688984E-01 
       285  3.619148470E-01 -1.104869598E-02  1.974432900E-01 
       286  3.646144545E-01 -1.087673833E-02  1.972099030E-01 
       287  3.672915772E-01 -1.070576267E-02  1.969870691E-01 
       288 -4.949615259E-01 -1.056539681E-02  6.394800471E-01 
       289  3.699460499E-01 -1.053574405E-02  1.967777639E-01 
       290  3.725777090E-01 -1.036665790E-02  1.965842102E-01 
       291  3.751863921E-01 -1.019848011E-02  1.964074723E-01 
       292  3.777719382E-01 -1.003118712E-02  1.962490758E-01 
       293 -4.955011205E-01 -9.995587829E-03  5.649831360E-01 
       294  3.803341879E-01 -9.864756047E-03  1.961089615E-01 
       295  3.828729831E-01 -9.699164780E-03  1.959888850E-01 
       296  3.853881673E-01 -9.534392054E-03  1.958924741E-01 
       297 -4.960102619E-01 -9.423594105E-03  4.807426937E-01 
       298  3.878795852E-01 -9.370417565E-03  1.958217394E-01 
       299  3.903470832E-01 -9.207222054E-03  1.957782616E-01 
       300  3.927905090E-01 -9.044787401E-03  1.957633556E-01 
       301  3.952097120E-01 -8.883096711E-03  1.957786264E-01 
       302 -4.964889266E-01 -8.849535940E-03  3.860554696E-01 
       303  3.976045429E-01 -8.722134400E-03  1.958257944E-01 
       304  3.999748540E-01 -8.561886278E-03  1.959066560E-01 
       305  4.023204990E-01 -8.402339624E-03  1.960230663E-01 
       306 -4.969370928E-01 -8.273533011E-03  2.803456633E-01 
       307  4.046413334E-01 -8.243483268E-03  1.961769343E-01 
       308  4.069372138E-01 -8.085307655E-03  1.963702506E-01 
       309  4.092079987E-01 -7.927804919E-03  1.966050561E-01 
       310  4.114535480E-01 -7.770968945E-03  1.968835432E-01 
       311 -4.973547399E-01 -7.695704193E-03  1.631423888E-01 
       312  4.136737233E-01 -7.614795430E-03  1.972082168E-01 
       313  4.158683874E-01 -7.459281938E-03  1.975811650E-01 
       314  4.180374052E-01 -7.304427951E-03  1.980039628E-01 
       315  4.201806426E-01 -7.150234916E-03  1.984781485E-01 
       316 -4.977418488E-01 -7.116167409E-03  3.413201283E-02 
       317  4.222979677E-01 -6.996706288E-03  1.990047262E-01 
       318  4.243892497E-01 -6.843847566E-03  1.995847445E-01 
       319  4.264543597E-01 -6.691666328E-03  2.002204153E-01 
       320  4.284931702E-01 -6.540172254E-03  2.009145201E-01 
       321 -4.980984012E-01 -6.535039523E-03 -1.067808790E-01 
       322  4.305055555E-01 -6.389377151E-03  2.016692973E-01 
       323  4.324913915E-01 -6.239294973E-03  2.024866244E-01 
       324  4.344505557E-01 -6.089941825E-03  2.033684575E-01 
       325 -4.984243793E-01 -5.952436284E-03 -2.593992688E-01 
       326  4.363829272E-01 -5.941335978E-03  2.043167631E-01 
       327  4.382883868E-01 -5.793497865E-03  2.053335503E-01 
       328  4.401668170E-01 -5.646450079E-03  2.064208514E-01 
       329  4.420181019E-01 -5.500217365E-03  2.075806602E-01 
       330 -4.987197652E-01 -5.368472357E-03 -4.231476971E-01 
       331  4.438421274E-01 -5.354826600E-03  2.088149745E-01 
       332  4.456387809E-01 -5.210306781E-03  2.101258379E-01 
       333  4.474079516E-01 -5.066688992E-03  2.115152869E-01 
       334  4.491495303E-01 -4.924006380E-03  2.129853820E-01 
       335 -4.989845407E-01 -4.783261450E-03 -5.969744394E-01 
       336  4.508634097E-01 -4.782294114E-03  2.145381749E-01 
       337  4.525494840E-01 -4.641589348E-03  2.161758091E-01 
       338  4.542076493E-01 -4.501931171E-03  2.179003914E-01 
       339  4.558378032E-01 -4.363360562E-03  2.197138742E-01 
       340  4.574398452E-01 -4.225920329E-03  2.216183280E-01 
       341 -4.992186867E-01 -4.196916561E-03 -7.792252490E-01 
       342  4.590136765E-01 -4.089655051E-03  2.236159491E-01 
       343  4.605592000E-01 -3.954611013E-03  2.257089739E-01 
       344  4.620763204E-01 -3.820836135E-03  2.278996740E-01 
       345  4.635649442E-01 -3.688379899E-03  2.301903660E-01 
       346 -4.994221829E-01 -3.609550355E-03 -9.675356182E-01 
       347  4.650249794E-01 -3.557293273E-03  2.325834133E-01 
       348  4.664563360E-01 -3.427628623E-03  2.350812477E-01 
       349  4.678589258E-01 -3.299439636E-03  2.376863779E-01 
       350  4.692326623E-01 -3.172781220E-03  2.404014022E-01 
       351  4.705774607E-01 -3.047709421E-03  2.432290228E-01 
       352 -4.995950072E-01 -3.021275665E-03 -1.158490327E+00 
       353  4.718932381E-01 -2.924281320E-03  2.461720604E-01 
       354  4.731799133E-01 -2.802554937E-03  2.492334712E-01 
       355  4.744374069E-01 -2.682589125E-03  2.524163658E-01 
       356  4.756656415E-01 -2.564443471E-03  2.557240308E-01 
       357  4.768645413E-01 -2.448178185E-03  2.591599534E-01 
       358 -4.997371359E-01 -2.432206113E-03 -1.347311583E+00 
       359  4.780340323E-01 -2.333853992E-03  2.627278485E-01 
       360  4.791740423E-01 -2.221532021E-03  2.664316900E-01 
       361  4.802845012E-01 -2.111273691E-03  2.702757467E-01 
       362  4.813653404E-01 -2.003140599E-03  2.742646230E-01 
       363  4.824164932E-01 -1.897194404E-03  2.784033049E-01 
       364 -4.998485437E-01 -1.842456810E-03 -1.527517352E+00 
       365  4.834378949E-01 -1.793496712E-03  2.826972140E-01 
       366  4.844294824E-01 -1.692108956E-03  2.871522692E-01 
       367  4.853911945E-01 -1.593092283E-03  2.917749585E-01 
       368  4.863229721E-01 -1.496507437E-03  2.965724222E-01 
       369  4.872247575E-01 -1.402414637E-03  3.015525509E-01 
       370  4.880964953E-01 -1.310873469E-03  3.067241008E-01 
       371 -4.999292034E-01 -1.252145090E-03 -1.692418093E+00 
       372  4.889381316E-01 -1.221942762E-03  3.120968300E-01 
       373  4.897496145E-01 -1.135680481E-03  3.176816621E-01 
       374  4.905308940E-01 -1.052143608E-03  3.234908818E-01 
       375  4.912819220E-01 -9.713880336E-04  3.295383728E-01 
       376  4.920026520E-01 -8.934684447E-04  3.358399081E-01 
       377  4.926930398E-01 -8.184382188E-04  3.424135089E-01 
       378  4.933530426E-01 -7.463493174E-04  3.492798911E-01 
       379  4.939826198E-01 -6.772521824E-04  3.564630298E-01 
       380 -4.999790870E-01 -6.613912113E-04 -1.836112753E+00 
       381  4.945817325E-01 -6.111956365E-04  3.639908826E-01 
       382  4.951503439E-01 -5.482267854E-04  3.718963309E-01 
       383  4.956884189E-01 -4.883909237E-04  3.802184061E-01 
       384  4.961959242E-01 -4.317314444E-04  3.890039572E-01 
       385  4.966728287E-01 -3.782897514E-04  3.983099294E-01 
       386  4.971191028E-01 -3.281051768E-04  4.082065353E-01 
       387  4.975347191E-01 -2.812149012E-04  4.187818657E-01 
       388  4.979196519E-01 -2.376538789E-04  4.301481262E-01 
       389  4.982738775E-01 -1.974547676E-04  4.424540248E-01 
       390  4.985973741E-01 -1.606478618E-04  4.558899764E-01 
       391  4.988901217E-01 -1.272610318E-04  4.707363729E-01 
       392  4.991521022E-01 -9.731966709E-05  4.872264039E-01 
       393  4.993832996E-01 -7.084662507E-05  5.060715440E-01 
       394 -4.999981658E-01 -7.031895022E-05 -1.952117481E+00 
       395  4.995168999E-01 -5.552697142E-05  5.205125213E-01 
       396  4.996402298E-01 -4.137221906E-05  5.376195836E-01 
       397  4.997532896E-01 -2.838400191E-05  5.600185157E-01 
       398  4.998458022E-01 -1.774044188E-05  5.843728678E-01 
       399  4.999503277E-01 -5.714795751E-06  6.483502504E-01 
       400  5.000000000E-01  0.000000000E+00  6.731551274E-01 
       401  4.999514192E-01  1.182802305E-05  6.466007083E-01 
       402  4.998831882E-01  2.844027870E-05  5.936859307E-01 
       403  4.997914711E-01  5.077074005E-05  5.619574712E-01 
       404  4.996751912E-01  7.908150698E-05  5.336219269E-01 
       405  4.995382349E-01  1.124263864E-04  5.104268286E-01 
       406  4.993902438E-01  1.484579331E-04  4.907277078E-01 
       407  4.992445012E-01  1.839420023E-04  4.759505365E-01 
       408  4.990133009E-01  2.401379839E-04  4.592734204E-01 
       409  4.987513170E-01  3.037628594E-04  4.442559595E-01 
       410  4.984585656E-01  3.747928163E-04  4.299349471E-01 
       411  4.981350648E-01  4.532013290E-04  4.163813789E-01 
       412  4.977808346E-01  5.389591884E-04  4.034677335E-01 
       413  4.973958969E-01  6.320345335E-04  3.911231142E-01 
       414 -4.999860106E-01  6.866690384E-04 -2.069765378E+00 
       415  4.969802752E-01  7.323928867E-04  3.792728514E-01 
       416  4.965339954E-01  8.399971914E-04  3.678585042E-01 
       417  4.960570850E-01  9.548078520E-04  3.568302806E-01 
       418  4.955495732E-01  1.076782778E-03  3.461439796E-01 
       419  4.950114915E-01  1.205877428E-03  3.357624085E-01 
       420  4.944428731E-01  1.342044860E-03  3.256542730E-01 
       421 -4.999426014E-01  1.443722647E-03 -2.192582593E+00 
       422  4.938437530E-01  1.485235781E-03  3.157929283E-01 
       423  4.932141681E-01  1.635398598E-03  3.061555012E-01 
       424  4.925541574E-01  1.792479477E-03  2.967222275E-01 
       425  4.918637615E-01  1.956422398E-03  2.874759720E-01 
       426  4.911430230E-01  2.127169217E-03  2.784018330E-01 
       427 -4.998683291E-01  2.200770683E-03 -2.334525978E+00 
       428  4.903919863E-01  2.304659721E-03  2.694868172E-01 
       429  4.896106979E-01  2.488831700E-03  2.607195656E-01 
       430  4.887992058E-01  2.679621007E-03  2.520901237E-01 
       431  4.879575602E-01  2.876961626E-03  2.435897455E-01 
       432 -4.997631854E-01  2.957749701E-03 -2.478847076E+00 
       433  4.870858129E-01  3.080785740E-03  2.352107283E-01 
       434  4.861840178E-01  3.291023803E-03  2.269462709E-01 
       435  4.852522304E-01  3.507604607E-03  2.187903526E-01 
       436 -4.996271646E-01  3.714594803E-03 -2.620377480E+00 
       437  4.842905082E-01  3.730455360E-03  2.107376282E-01 
       438  4.832989106E-01  3.959501755E-03  2.027833370E-01 
       439  4.822774988E-01  4.194668047E-03  1.949232259E-01 
       440  4.812263356E-01  4.435877128E-03  1.871534789E-01 
       441 -4.994602642E-01  4.471239821E-03 -2.756537180E+00 
       442  4.801454860E-01  4.683050604E-03  1.794706563E-01 
       443  4.790350167E-01  4.936108871E-03  1.718716365E-01 
       444  4.778949961E-01  5.194971192E-03  1.643535619E-01 
       445 -4.992624846E-01  5.227617521E-03 -2.885500958E+00 
       446  4.767254945E-01  5.459555776E-03  1.569137831E-01 
       447  4.755265841E-01  5.729779857E-03  1.495498002E-01 
       448 -4.990338297E-01  5.983659848E-03 -3.005935698E+00 
       449  4.742983389E-01  6.005559771E-03  1.422592137E-01 
       450  4.730408346E-01  6.286811033E-03  1.350397006E-01 
       451  4.717541488E-01  6.573448419E-03  1.278894817E-01 
       452 -4.987743067E-01  6.739298163E-03 -3.116868266E+00 
       453  4.704383608E-01  6.865386041E-03  1.208081022E-01 
       454  4.690935519E-01  7.162537427E-03  1.138127705E-01 
       455  4.677198049E-01  7.464815596E-03  1.068975488E-01 
       456 -4.984839259E-01  7.494463489E-03 -3.217629594E+00 
       457  4.663172046E-01  7.772133136E-03  1.000399884E-01 
       458  4.648858376E-01  8.084402282E-03  9.324141621E-02 
       459 -4.981627014E-01  8.249086729E-03 -3.307813385E+00 
       460  4.634257920E-01  8.401534987E-03  8.650222686E-02 
       461  4.619371581E-01  8.723443002E-03  7.982292992E-02 
       462 -4.978106502E-01  9.003098869E-03 -3.387242844E+00 
       463  4.604200275E-01  9.050037943E-03  7.320343562E-02 
       464  4.588744940E-01  9.381231368E-03  6.664340704E-02 
       465  4.573006527E-01  9.716934848E-03  6.014236564E-02 
       466 -4.974277928E-01  9.756431144E-03 -3.455943685E+00 
       467  4.556986009E-01  1.005706003E-02  5.369979922E-02 
       468  4.540684373E-01  1.040151872E-02  4.731519704E-02 
       469 -4.970141523E-01  1.050901517E-02 -3.514118099E+00 
       470  4.524102625E-01  1.075022294E-02  4.098803266E-02 
       471  4.507241788E-01  1.110308497E-02  3.471769864E-02 
       472 -4.965697551E-01  1.126078306E-02 -3.562120450E+00 
       473  4.490102901E-01  1.146001747E-02  2.850349991E-02 
       474  4.472687022E-01  1.182093348E-02  2.234463768E-02 
       475 -4.960946301E-01  1.201166748E-02 -3.600412271E+00 
       476  4.454995226E-01  1.218574652E-02  1.624019666E-02 
       477  4.437028603E-01  1.255437063E-02  1.018922858E-02 
       478 -4.955888090E-01  1.276160167E-02 -3.629564642E+00 
       479  4.418788261E-01  1.292672042E-02  4.190812367E-03 
       480  4.400275327E-01  1.330271115E-02 -1.755929077E-03 
       481 -4.950523258E-01  1.351051952E-02 -3.649767661E+00 
       482  4.381490942E-01  1.368225874E-02 -7.651823092E-03 
       483  4.362436265E-01  1.406527986E-02 -1.349765240E-02 
       484 -4.944852168E-01  1.425835552E-02 -3.661701718E+00 
       485  4.343112470E-01  1.445169196E-02 -1.929416187E-02 
       486  4.323520750E-01  1.484141331E-02 -2.504207059E-02 
       487 -4.938875206E-01  1.500504474E-02 -3.666711678E+00 
       488  4.303662314E-01  1.523436303E-02 -3.074208787E-02 
       489  4.283538387E-01  1.563046117E-02 -3.639492706E-02 
       490 -4.932592779E-01  1.575052282E-02 -3.665488023E+00 
       491  4.263150209E-01  1.602962869E-02 -4.200131828E-02 
       492  4.242499039E-01  1.643178756E-02 -4.756201698E-02 
       493 -4.926005314E-01  1.649472592E-02 -3.658505658E+00 
       494  4.221586150E-01  1.683686073E-02 -5.307780417E-02 
       495 -4.919113258E-01  1.723759067E-02 -3.646435654E+00 
       496  4.200412833E-01  1.724477219E-02 -5.854947932E-02 
       497  4.178980393E-01  1.765544700E-02 -6.397784428E-02 
       498 -4.911917074E-01  1.797905412E-02 -3.629867609E+00 
       499  4.157290152E-01  1.806881128E-02 -6.936367278E-02 
       500  4.135343449E-01  1.848479230E-02 -7.470765236E-02 
       501 -4.904417248E-01  1.871905371E-02 -3.609306947E+00 
       502  4.113141637E-01  1.890331839E-02 -8.001028390E-02 
       503  4.090686086E-01  1.932431908E-02 -8.527183422E-02 
       504 -4.896614279E-01  1.945752720E-02 -3.585307628E+00 
       505  4.067978181E-01  1.974772501E-02 -9.049230100E-02 
       506  4.045019322E-01  2.017346799E-02 -9.567254168E-02 
       507 -4.888508686E-01  2.019441262E-02 -3.558376374E+00 
       508  4.021810926E-01  2.060148099E-02 -1.008141760E-01 
       509 -4.880101007E-01  2.092964825E-02 -3.528965371E+00 
       510  3.998354425E-01  2.103169817E-02 -1.059187362E-01 
       511  3.974651265E-01  2.146405485E-02 -1.109878310E-01 
       512 -4.871391792E-01  2.166317255E-02 -3.497482295E+00 
       513  3.950702908E-01  2.189848750E-02 -1.160229013E-01 
       514  3.926510833E-01  2.233493380E-02 -1.210252670E-01 
       515 -4.862381614E-01  2.239492413E-02 -3.464292123E+00 
       516  3.902076530E-01  2.277333255E-02 -1.259961450E-01 
       517 -4.853071057E-01  2.312484175E-02 -3.429719811E+00 
       518  3.877401508E-01  2.321362372E-02 -1.309366956E-01 
       519  3.852487288E-01  2.365574842E-02 -1.358480563E-01 
       520 -4.843460727E-01  2.385286421E-02 -3.394053345E+00 
       521  3.827335407E-01  2.409964887E-02 -1.407313637E-01 
       522  3.801947417E-01  2.454526842E-02 -1.455877660E-01 
       523 -4.833551244E-01  2.457893041E-02 -3.357546310E+00 
       524  3.776324883E-01  2.499255148E-02 -1.504184291E-01 
       525 -4.823343244E-01  2.530297925E-02 -3.320421005E+00 
       526  3.750469387E-01  2.544144355E-02 -1.552245391E-01 
       527  3.724382523E-01  2.589189117E-02 -1.600073027E-01 
       528 -4.812837383E-01  2.602494966E-02 -3.282871751E+00 
       529  3.698065900E-01  2.634384189E-02 -1.647679466E-01 
       530 -4.802034331E-01  2.674478053E-02 -3.245067217E+00 
       531  3.671521142E-01  2.679724425E-02 -1.695077170E-01 
       532  3.644749886E-01  2.725204774E-02 -1.742278779E-01 
       533 -4.790934776E-01  2.746241076E-02 -3.207153661E+00 
       534  3.617753783E-01  2.770820280E-02 -1.789297099E-01 
       535  3.590534499E-01  2.816566073E-02 -1.836145096E-01 
       536 -4.779539422E-01  2.817777917E-02 -3.169257724E+00 
       537  3.563093713E-01  2.862437371E-02 -1.882835874E-01 
       538 -4.767848991E-01  2.889082452E-02 -3.131488078E+00 
       539  3.535433117E-01  2.908429473E-02 -1.929382671E-01 
       540  3.507554418E-01  2.954537755E-02 -1.975798830E-01 
       541 -4.755864222E-01  2.960148552E-02 -3.093937345E+00 
       542  3.479459335E-01  3.000757667E-02 -2.022097801E-01 
       543 -4.743585871E-01  3.030970075E-02 -3.056684019E+00 
       544  3.451149601E-01  3.047084728E-02 -2.068292960E-01 
       545  3.422626963E-01  3.093514522E-02 -2.114397924E-01 
       546 -4.731014709E-01  3.101540874E-02 -3.019794180E+00 
       547  3.393893180E-01  3.140042693E-02 -2.160425137E-01 
       548 -4.718151526E-01  3.171854788E-02 -2.983323023E+00 
       549  3.364950025E-01  3.186664942E-02 -2.206383974E-01 
       550  3.335799282E-01  3.233377019E-02 -2.252286698E-01 
       551 -4.704997129E-01  3.241905647E-02 -2.947316217E+00 
       552  3.306442751E-01  3.280174720E-02 -2.298148554E-01 
       553 -4.691552341E-01  3.311687267E-02 -2.911811112E+00 
       554  3.276882241E-01  3.327053882E-02 -2.343983584E-01 
       555  3.247119576E-01  3.374010379E-02 -2.389805713E-01 
       556 -4.677818004E-01  3.381193453E-02 -2.876837816E+00 
       557  3.217156593E-01  3.421040113E-02 -2.435628506E-01 
       558 -4.663794975E-01  3.450417995E-02 -2.842420136E+00 
       559  3.186995139E-01  3.468139013E-02 -2.481465539E-01 
       560  3.156637075E-01  3.515303028E-02 -2.527330418E-01 
       561 -4.649484129E-01  3.519354670E-02 -2.808576422E+00 
       562  3.126084273E-01  3.562528121E-02 -2.573236769E-01 
       563 -4.634886358E-01  3.587997241E-02 -2.775320298E+00 
       564  3.095338619E-01  3.609810265E-02 -2.619198206E-01 
       565 -4.620002570E-01  3.656339457E-02 -2.742661320E+00 
       566  3.064402008E-01  3.657145437E-02 -2.665228303E-01 
       567  3.033276350E-01  3.704529611E-02 -2.711340571E-01 
       568 -4.604833693E-01  3.724375050E-02 -2.710605538E+00 
       569  3.001963563E-01  3.751958756E-02 -2.757548450E-01 
       570 -4.589380669E-01  3.792097740E-02 -2.679156004E+00 
       571  2.970465580E-01  3.799428829E-02 -2.803865303E-01 
       572  2.938784343E-01  3.846935766E-02 -2.850304409E-01 
       573 -4.573644458E-01  3.859501227E-02 -2.648313211E+00 
       574  2.906921808E-01  3.894475485E-02 -2.896878969E-01 
       575 -4.557626038E-01  3.926579201E-02 -2.618075487E+00 
       576  2.874879938E-01  3.942043871E-02 -2.943602109E-01 
       577  2.842660711E-01  3.989636780E-02 -2.990486882E-01 
       578 -4.541326402E-01  3.993325331E-02 -2.588439333E+00 
       579  2.810266114E-01  4.037250027E-02 -3.037546288E-01 
       580 -4.524746562E-01  4.059733273E-02 -2.559399740E+00 
       581  2.777698145E-01  4.084879383E-02 -3.084793287E-01 
       582 -4.507887546E-01  4.125796668E-02 -2.530950462E+00 
       583  2.744958813E-01  4.132520571E-02 -3.132240822E-01 
       584  2.712050139E-01  4.180169260E-02 -3.179901847E-01 
       585 -4.490750399E-01  4.191509137E-02 -2.503084288E+00 
       586  2.678974151E-01  4.227821062E-02 -3.227789243E-01 
       587 -4.473336183E-01  4.256864288E-02 -2.475793292E+00 
       588  2.645732890E-01  4.275471523E-02 -3.275915942E-01 
       589 -4.455645975E-01  4.321855714E-02 -2.449069129E+00 
       590  2.612328406E-01  4.323116124E-02 -3.324292402E-01 
       591  2.578762760E-01  4.370750272E-02 -3.372935338E-01 
       592 -4.437680871E-01  4.386476989E-02 -2.422903350E+00 
       593  2.545038023E-01  4.418369298E-02 -3.421808824E-01 
       594 -4.419441984E-01  4.450721674E-02 -2.397287870E+00 
       595  2.511156275E-01  4.465968453E-02 -3.470877753E-01 
       596  2.477119605E-01  4.513542901E-02 -3.520181286E-01 
       597 -4.400930442E-01  4.514583312E-02 -2.372214482E+00 
       598  2.442930114E-01  4.561087720E-02 -3.569761955E-01 
       599 -4.382147390E-01  4.578055434E-02 -2.347675045E+00 
       600  2.408589910E-01  4.608597895E-02 -3.619648084E-01 
       601 -4.363093989E-01  4.641131553E-02 -2.323636275E+00 
       602  2.374101111E-01  4.656068312E-02 -3.669857037E-01 
       603  2.339465846E-01  4.703493763E-02 -3.720399572E-01 
       604 -4.343771419E-01  4.703805168E-02 -2.300057454E+00 
       605  2.304686250E-01  4.750868933E-02 -3.771283981E-01 
       606 -4.324180874E-01  4.766069764E-02 -2.276937278E+00 
       607  2.269764468E-01  4.798188403E-02 -3.822517793E-01 
       608 -4.304323564E-01  4.827918814E-02 -2.254227285E+00 
       609  2.234702655E-01  4.845446648E-02 -3.874108412E-01 
       610 -4.284200718E-01  4.889345774E-02 -2.231874342E+00 
       611  2.199502974E-01  4.892638028E-02 -3.926063241E-01 
       612  2.164167596E-01  4.939756794E-02 -3.978389659E-01 
       613 -4.263813578E-01  4.950344090E-02 -2.209927122E+00 
       614  2.128698701E-01  4.986797079E-02 -4.031094962E-01 
       615 -4.243163405E-01  5.010907194E-02 -2.188427173E+00 
       616  2.093098475E-01  5.033752900E-02 -4.084186306E-01 
       617 -4.222251474E-01  5.071028508E-02 -2.167365677E+00 
       618  2.057369117E-01  5.080618154E-02 -4.137670665E-01 
       619  2.021512828E-01  5.127386619E-02 -4.191554803E-01 
       620 -4.201079077E-01  5.130701441E-02 -2.146728675E+00 
       621  1.985531822E-01  5.174051950E-02 -4.245845251E-01 
       622 -4.179647523E-01  5.189919394E-02 -2.126502392E+00 
       623  1.949428317E-01  5.220607680E-02 -4.300548291E-01 
       624 -4.157958134E-01  5.248675757E-02 -2.106673232E+00 
       625  1.913204541E-01  5.267047217E-02 -4.355669942E-01 
       626 -4.136012250E-01  5.306963914E-02 -2.087228336E+00 
       627  1.876862728E-01  5.313363848E-02 -4.411215951E-01 
       628  1.840405120E-01  5.359550731E-02 -4.467191784E-01 
       629 -4.113811227E-01  5.364777238E-02 -2.068155576E+00 
       630  1.803833965E-01  5.405600904E-02 -4.523602624E-01 
       631 -4.091356436E-01  5.422109099E-02 -2.049443441E+00 
       632  1.767151520E-01  5.451507276E-02 -4.580453359E-01 
       633 -4.068649262E-01  5.478952860E-02 -2.031080934E+00 
       634  1.730360047E-01  5.497262637E-02 -4.637748584E-01 
       635 -4.045691108E-01  5.535301882E-02 -2.013057489E+00 
       636  1.693461816E-01  5.542859649E-02 -4.695492594E-01 
       637  1.656459103E-01  5.588290853E-02 -4.753689381E-01 
       638 -4.022483392E-01  5.591149519E-02 -1.995362919E+00 
       639  1.619354190E-01  5.633548669E-02 -4.812342635E-01 
       640 -3.999027545E-01  5.646489129E-02 -1.977987370E+00 
       641  1.582149365E-01  5.678625396E-02 -4.871455739E-01 
       642 -3.975325017E-01  5.701314065E-02 -1.960921291E+00 
       643  1.544846925E-01  5.723513214E-02 -4.931031769E-01 
       644 -3.951377269E-01  5.755617685E-02 -1.944155407E+00 
       645  1.507449170E-01  5.768204186E-02 -4.991073494E-01 
       646 -3.927185781E-01  5.809393348E-02 -1.927680708E+00 
       647  1.469958407E-01  5.812690261E-02 -5.051583375E-01 
       648  1.432376948E-01  5.856963274E-02 -5.112563563E-01 
       649 -3.902752045E-01  5.862634418E-02 -1.911488422E+00 
       650  1.394707112E-01  5.901014950E-02 -5.174015903E-01 
       651 -3.878077569E-01  5.915334267E-02 -1.895570010E+00 
       652  1.356951222E-01  5.944836906E-02 -5.235941933E-01 
       653 -3.853163877E-01  5.967486273E-02 -1.879917148E+00 
       654  1.319111607E-01  5.988420654E-02 -5.298342883E-01 
       655 -3.828012506E-01  6.019083825E-02 -1.864521716E+00 
       656  1.281190602E-01  6.031757605E-02 -5.361219678E-01 
       657 -3.802625008E-01  6.070120324E-02 -1.849375781E+00 
       658  1.243190545E-01  6.074839071E-02 -5.424572942E-01 
       659  1.205113781E-01  6.117656269E-02 -5.488402994E-01 
       660 -3.777002950E-01  6.120589184E-02 -1.834471585E+00 
       661  1.166962658E-01  6.160200322E-02 -5.552709856E-01 
       662 -3.751147913E-01  6.170483837E-02 -1.819801525E+00 
       663  1.128739530E-01  6.202462270E-02 -5.617493254E-01 
       664 -3.725061492E-01  6.219797732E-02 -1.805358171E+00 
       665  1.090446753E-01  6.244433066E-02 -5.682752615E-01 
       666 -3.698745298E-01  6.268524339E-02 -1.791134313E+00 
       667  1.052086692E-01  6.286103585E-02 -5.748487082E-01 
       668 -3.672200954E-01  6.316657151E-02 -1.777123005E+00 
       669  1.013661711E-01  6.327464625E-02 -5.814695504E-01 
       670 -3.645430098E-01  6.364189686E-02 -1.763317409E+00 
       671  9.751741809E-02  6.368506917E-02 -5.881376451E-01 
       672  9.366264758E-02  6.409221124E-02 -5.948528213E-01 
       673 -3.618434382E-01  6.411115491E-02 -1.749710696E+00 
       674  8.980209736E-02  6.449597847E-02 -6.016148808E-01 
       675 -3.591215472E-01  6.457428141E-02 -1.736295997E+00 
       676  8.593600555E-02  6.489627633E-02 -6.084235990E-01 
       677 -3.563775047E-01  6.503121248E-02 -1.723066234E+00 
       678  8.206461065E-02  6.529300977E-02 -6.152787261E-01 
       679 -3.536114800E-01  6.548188456E-02 -1.710014398E+00 
       680  7.818815144E-02  6.568608330E-02 -6.221799898E-01 
       681 -3.508236438E-01  6.592623451E-02 -1.697134392E+00 
       682  7.430686705E-02  6.607540101E-02 -6.291270995E-01 
       683 -3.480141681E-01  6.636419957E-02 -1.684420760E+00 
       684  7.042099691E-02  6.646086663E-02 -6.361197508E-01 
       685 -3.451832263E-01  6.679571746E-02 -1.671868413E+00 
       686  6.653078070E-02  6.684238364E-02 -6.431576273E-01 
       687  6.263645839E-02  6.721985525E-02 -6.502403932E-01 
       688 -3.423309930E-01  6.722072636E-02 -1.659472898E+00 
       689  5.873827021E-02  6.759318450E-02 -6.573676827E-01 
       690 -3.394576441E-01  6.763916496E-02 -1.647228336E+00 
       691  5.483645661E-02  6.796227431E-02 -6.645391000E-01 
       692 -3.365633571E-01  6.805097247E-02 -1.635128909E+00 
       693  5.093125829E-02  6.832702755E-02 -6.717542192E-01 
       694 -3.336483103E-01  6.845608870E-02 -1.623170599E+00 
       695  4.702291612E-02  6.868734708E-02 -6.790125878E-01 
       696 -3.307126838E-01  6.885445405E-02 -1.611348910E+00 
       697  4.311167120E-02  6.904313582E-02 -6.863137296E-01 
       698 -3.277566585E-01  6.924600955E-02 -1.599658998E+00 
       699  3.919776479E-02  6.939429681E-02 -6.936571478E-01 
       700 -3.247804168E-01  6.963069690E-02 -1.588096315E+00 
       701  3.528143832E-02  6.974073328E-02 -7.010423273E-01 
       702 -3.217841425E-01  7.000845853E-02 -1.576656439E+00 
       703  3.136293338E-02  7.008234870E-02 -7.084687362E-01 
       704 -3.187680203E-01  7.037923757E-02 -1.565335064E+00 
       705  2.744249166E-02  7.041904684E-02 -7.159358275E-01 
       706 -3.157322362E-01  7.074297795E-02 -1.554128001E+00 
       707  2.352035502E-02  7.075073183E-02 -7.234430401E-01 
       708  1.959676538E-02  7.107730825E-02 -7.309898004E-01 
       709 -3.126769777E-01  7.109962442E-02 -1.543031172E+00 
       710  1.567196477E-02  7.139868115E-02 -7.385755228E-01 
       711 -3.096024331E-01  7.144912255E-02 -1.532040612E+00 
       712  1.174619530E-02  7.171475614E-02 -7.461996109E-01 
       713 -3.065087922E-01  7.179141881E-02 -1.521152470E+00 
       714  7.819699127E-03  7.202543944E-02 -7.538614581E-01 
       715 -3.033962457E-01  7.212646060E-02 -1.510362998E+00 
       716  3.892718457E-03  7.233063796E-02 -7.615604484E-01 
       717 -3.002649858E-01  7.245419625E-02 -1.499668554E+00 
       718 -3.450447006E-05  7.263025931E-02 -7.692959590E-01 
       719 -2.971152056E-01  7.277457512E-02 -1.489065597E+00 
       720 -3.961727403E-03  7.292421192E-02 -7.770673612E-01 
       721 -2.939470994E-01  7.308754757E-02 -1.478550692E+00 
       722 -7.888708088E-03  7.321240508E-02 -7.848740201E-01 
       723 -2.907608626E-01  7.339306506E-02 -1.468120504E+00 
       724 -1.181520429E-02  7.349474898E-02 -7.927152970E-01 
       725 -2.875566918E-01  7.369108014E-02 -1.457771798E+00 
       726 -1.574097380E-02  7.377115477E-02 -8.005905466E-01 
       727 -2.843347847E-01  7.398154651E-02 -1.447501436E+00 
       728 -1.966577445E-02  7.404153467E-02 -8.084991255E-01 
       729 -2.810953400E-01  7.426441906E-02 -1.437306377E+00 
       730 -2.358936414E-02  7.430580195E-02 -8.164403740E-01 
       731 -2.778385575E-01  7.453965391E-02 -1.427183678E+00 
       732 -2.751150085E-02  7.456387103E-02 -8.244136370E-01 
       733 -2.745646383E-01  7.480720842E-02 -1.417130483E+00 
       734 -3.143194262E-02  7.481565754E-02 -8.324183060E-01 
       735 -3.535044764E-02  7.506107834E-02 -8.404537693E-01 
       736 -2.712737842E-01  7.506704127E-02 -1.407144034E+00 
       737 -3.926677417E-02  7.530005162E-02 -8.485193985E-01 
       738 -2.679661982E-01  7.531911247E-02 -1.397221660E+00 
       739 -4.318068064E-02  7.553249691E-02 -8.566145801E-01 
       740 -2.646420844E-01  7.556338339E-02 -1.387360782E+00 
       741 -4.709192562E-02  7.575833515E-02 -8.647387200E-01 
       742 -2.613016479E-01  7.579981684E-02 -1.377558911E+00 
       743 -5.100026784E-02  7.597748873E-02 -8.728912454E-01 
       744 -2.579450947E-01  7.602837705E-02 -1.367813653E+00 
       745 -5.490546621E-02  7.618988154E-02 -8.810716057E-01 
       746 -2.545726319E-01  7.624902976E-02 -1.358122713E+00 
       747 -5.880727983E-02  7.639543904E-02 -8.892792778E-01 
       748 -2.511844675E-01  7.646174221E-02 -1.348483907E+00 
       749 -6.270546802E-02  7.659408826E-02 -8.975137579E-01 
       750 -2.477808106E-01  7.666648321E-02 -1.338895144E+00 
       751 -6.659979031E-02  7.678575788E-02 -9.057746194E-01 
       752 -2.443618710E-01  7.686322316E-02 -1.329354414E+00 
       753 -7.049000648E-02  7.697037826E-02 -9.140613616E-01 
       754 -2.409278598E-01  7.705193408E-02 -1.319859745E+00 
       755 -7.437587656E-02  7.714788148E-02 -9.223732929E-01 
       756 -2.374789886E-01  7.723258967E-02 -1.310409202E+00 
       757 -7.825716083E-02  7.731820137E-02 -9.307096799E-01 
       758 -2.340154704E-01  7.740516529E-02 -1.301000791E+00 
       759 -8.213361989E-02  7.748127357E-02 -9.390701432E-01 
       760 -2.305375188E-01  7.756963807E-02 -1.291632540E+00 
       761 -8.600501461E-02  7.763703555E-02 -9.474543911E-01 
       762 -2.270453482E-01  7.772598686E-02 -1.282302743E+00 
       763 -8.987110617E-02  7.778542663E-02 -9.558613801E-01 
       764 -2.235391742E-01  7.787419232E-02 -1.273009922E+00 
       765 -9.373165610E-02  7.792638804E-02 -9.642896475E-01 
       766 -2.200192130E-01  7.801423692E-02 -1.263752674E+00 
       767 -9.758642624E-02  7.805986293E-02 -9.727376401E-01 
       768 -2.164856817E-01  7.814610499E-02 -1.254529627E+00 
       769 -1.014351788E-01  7.818579643E-02 -9.812048955E-01 
       770 -2.129387984E-01  7.826978273E-02 -1.245339452E+00 
       771 -1.052776764E-01  7.830413561E-02 -9.896918489E-01 
       772 -2.093787818E-01  7.838525824E-02 -1.236180872E+00 
       773 -1.091136820E-01  7.841482959E-02 -9.981987875E-01 
       774 -2.058058515E-01  7.849252156E-02 -1.227052675E+00 
       775 -1.129429589E-01  7.851782949E-02 -1.006726095E+00 
       776 -2.022202280E-01  7.859156468E-02 -1.217953718E+00 
       777 -1.167652710E-01  7.861308850E-02 -1.015274018E+00 
       778 -1.986221323E-01  7.868238155E-02 -1.208882931E+00 
       779 -1.205803825E-01  7.870056188E-02 -1.023842610E+00 
       780 -1.950117866E-01  7.876496817E-02 -1.199839315E+00 
       781 -1.243880579E-01  7.878020696E-02 -1.032431779E+00 
       782 -1.913894134E-01  7.883932250E-02 -1.190821942E+00 
       783 -1.281880625E-01  7.885198319E-02 -1.041041472E+00 
       784 -1.877552363E-01  7.890544459E-02 -1.181829959E+00 
       785 -1.319801619E-01  7.891585214E-02 -1.049671679E+00 
       786 -1.841094795E-01  7.896333654E-02 -1.172862581E+00 
       787 -1.357641220E-01  7.897177751E-02 -1.058322206E+00 
       788 -1.804523677E-01  7.901300250E-02 -1.163919092E+00 
       789 -1.395397096E-01  7.901972512E-02 -1.066994659E+00 
       790 -1.767841266E-01  7.905444875E-02 -1.154998839E+00 
       791 -1.433066916E-01  7.905966296E-02 -1.075692638E+00 
       792 -1.731049826E-01  7.908768365E-02 -1.146101204E+00 
       793 -1.470648357E-01  7.909156116E-02 -1.084416272E+00 
       794 -1.694151625E-01  7.911271771E-02 -1.137225629E+00 
       795 -1.508139101E-01  7.911539202E-02 -1.093163641E+00 
       796 -1.657148940E-01  7.912956353E-02 -1.128371484E+00 
       797 -1.545536836E-01  7.913112999E-02 -1.101933773E+00 
       798 -1.620044053E-01  7.913823589E-02 -1.119538354E+00 
       799 -1.582839253E-01  7.913875168E-02 -1.110725692E+00 
