nodenumber     x-coordinate     y-coordinate pressure-coefficient 
         1 -2.809555191E-01 -4.228343700E-02 -3.698333804E-01 
         2 -2.841949771E-01 -4.228279136E-02 -3.744754240E-01 
         3 -2.776987240E-01 -4.227986010E-02 -3.652481271E-01 
         4 -2.874168984E-01 -4.227785207E-02 -3.791741736E-01 
         5 -2.744247927E-01 -4.227213121E-02 -3.607196140E-01 
         6 -2.906210840E-01 -4.226854750E-02 -3.839294509E-01 
         7 -2.711339273E-01 -4.226032024E-02 -3.562477279E-01 
         8 -2.938073365E-01 -4.225480565E-02 -3.887409940E-01 
         9 -2.678263307E-01 -4.224449632E-02 -3.518322494E-01 
        10 -2.969754592E-01 -4.223655415E-02 -3.936084517E-01 
        11 -2.645022068E-01 -4.222472783E-02 -3.474730659E-01 
        12 -3.001252568E-01 -4.221372045E-02 -3.985313873E-01 
        13 -2.611617609E-01 -4.220108223E-02 -3.431705913E-01 
        14 -3.032565350E-01 -4.218623182E-02 -4.035092534E-01 
        15 -2.578051988E-01 -4.217362604E-02 -3.389253837E-01 
        16 -3.063691006E-01 -4.215401549E-02 -4.085414936E-01 
        17 -2.544327276E-01 -4.214242478E-02 -3.347377294E-01 
        18 -3.094627616E-01 -4.211699873E-02 -4.136272544E-01 
        19 -2.510445554E-01 -4.210754286E-02 -3.306076593E-01 
        20 -3.125373273E-01 -4.207510895E-02 -4.187653985E-01 
        21 -2.476408912E-01 -4.206904358E-02 -3.265350047E-01 
        22 -3.155926080E-01 -4.202827378E-02 -4.239549786E-01 
        23 -2.442219449E-01 -4.202698903E-02 -3.225194823E-01 
        24 -2.407879273E-01 -4.198144004E-02 -3.185607333E-01 
        25 -3.186284153E-01 -4.197642118E-02 -4.291949216E-01 
        26 -2.373390504E-01 -4.193245617E-02 -3.146583331E-01 
        27 -3.216445619E-01 -4.191947954E-02 -4.344837936E-01 
        28 -2.338755268E-01 -4.188009561E-02 -3.108118088E-01 
        29 -3.246408618E-01 -4.185737776E-02 -4.398206225E-01 
        30 -2.303975702E-01 -4.182441517E-02 -3.070206574E-01 
        31 -3.276171302E-01 -4.179004533E-02 -4.452047310E-01 
        32 -2.269053952E-01 -4.176547022E-02 -3.032843351E-01 
        33 -3.305731835E-01 -4.171741250E-02 -4.506351315E-01 
        34 -2.233992171E-01 -4.170331470E-02 -2.996022600E-01 
        35 -3.335088394E-01 -4.163941028E-02 -4.561107643E-01 
        36 -2.198792522E-01 -4.163800103E-02 -2.959738133E-01 
        37 -2.163457176E-01 -4.156958013E-02 -2.923983403E-01 
        38 -3.364239169E-01 -4.155597060E-02 -4.616304683E-01 
        39 -2.127988314E-01 -4.149810136E-02 -2.888751506E-01 
        40 -3.393182361E-01 -4.146702641E-02 -4.671929756E-01 
        41 -2.092388122E-01 -4.142361255E-02 -2.854035175E-01 
        42 -3.421916186E-01 -4.137251171E-02 -4.727969168E-01 
        43 -2.056658797E-01 -4.134615994E-02 -2.819826807E-01 
        44 -3.450438871E-01 -4.127236172E-02 -4.784408259E-01 
        45 -2.020802543E-01 -4.126578817E-02 -2.786118473E-01 
        46 -1.984821572E-01 -4.118254033E-02 -2.752901914E-01 
        47 -3.478748658E-01 -4.116651292E-02 -4.841231341E-01 
        48 -1.948718102E-01 -4.109645789E-02 -2.720168552E-01 
        49 -3.506843800E-01 -4.105490318E-02 -4.898421503E-01 
        50 -1.912494362E-01 -4.100758073E-02 -2.687909502E-01 
        51 -3.534722565E-01 -4.093747183E-02 -4.955960892E-01 
        52 -1.876152585E-01 -4.091594717E-02 -2.656115584E-01 
        53 -1.839695013E-01 -4.082159393E-02 -2.624777336E-01 
        54 -3.562383233E-01 -4.081415972E-02 -5.013830579E-01 
        55 -1.803123896E-01 -4.072455620E-02 -2.593885021E-01 
        56 -3.589824098E-01 -4.068490938E-02 -5.072012890E-01 
        57 -1.766441488E-01 -4.062486760E-02 -2.563428652E-01 
        58 -3.617043469E-01 -4.054966505E-02 -5.130493018E-01 
        59 -1.729650054E-01 -4.052256027E-02 -2.533397996E-01 
        60 -1.692751861E-01 -4.041766483E-02 -2.503782595E-01 
        61 -3.644039666E-01 -4.040837276E-02 -5.189254739E-01 
        62 -1.655749186E-01 -4.031021044E-02 -2.474571779E-01 
        63 -3.670811026E-01 -4.026098045E-02 -5.248278067E-01 
        64 -1.618644313E-01 -4.020022485E-02 -2.445754679E-01 
        65 -3.697355896E-01 -4.010743803E-02 -5.307540781E-01 
        66 -1.581439529E-01 -4.008773440E-02 -2.417320247E-01 
        67 -1.544137129E-01 -3.997276409E-02 -2.389257268E-01 
        68 -3.723672640E-01 -3.994769744E-02 -5.367019809E-01 
        69 -1.506739415E-01 -3.985533762E-02 -2.361554378E-01 
        70 -3.749759635E-01 -3.978171275E-02 -5.426691819E-01 
        71 -1.469248693E-01 -3.973547741E-02 -2.334200081E-01 
        72 -1.431667276E-01 -3.961320470E-02 -2.307182767E-01 
        73 -3.775615273E-01 -3.960944022E-02 -5.486532841E-01 
        74 -1.393997483E-01 -3.948853954E-02 -2.280490724E-01 
        75 -3.801237959E-01 -3.943083838E-02 -5.546515430E-01 
        76 -1.356241636E-01 -3.936150092E-02 -2.254112162E-01 
        77 -3.826626113E-01 -3.924586808E-02 -5.606553752E-01 
        78 -1.318402065E-01 -3.923210675E-02 -2.228035223E-01 
        79 -1.280481104E-01 -3.910037398E-02 -2.202248004E-01 
        80 -3.851778170E-01 -3.905449256E-02 -5.666622525E-01 
        81 -1.242481093E-01 -3.896631865E-02 -2.176738572E-01 
        82 -3.876692579E-01 -3.885667754E-02 -5.726759265E-01 
        83 -1.204404374E-01 -3.882995593E-02 -2.151494982E-01 
        84 -1.166253297E-01 -3.869130022E-02 -2.126505294E-01 
        85 -3.901367804E-01 -3.865239121E-02 -5.786954615E-01 
        86 -1.128030216E-01 -3.855036520E-02 -2.101757593E-01 
        87 -3.925802323E-01 -3.844160436E-02 -5.847199261E-01 
        88 -1.089737487E-01 -3.840716392E-02 -2.077240005E-01 
        89 -1.051377474E-01 -3.826170883E-02 -2.052940715E-01 
        90 -3.949994630E-01 -3.822429040E-02 -5.907477664E-01 
        91 -1.012952542E-01 -3.811401193E-02 -2.028847983E-01 
        92 -3.973943233E-01 -3.800042538E-02 -5.967769145E-01 
        93 -9.744650610E-02 -3.796408475E-02 -2.004950167E-01 
        94 -9.359174061E-02 -3.781193850E-02 -1.981235735E-01 
        95 -3.997646656E-01 -3.776998809E-02 -6.028047135E-01 
        96 -8.973119547E-02 -3.765758413E-02 -1.957693284E-01 
        97 -4.021103438E-01 -3.753296007E-02 -6.088279756E-01 
        98 -8.586510882E-02 -3.750103237E-02 -1.934311560E-01 
        99 -8.199371913E-02 -3.734229385E-02 -1.911079470E-01 
       100 -4.044312132E-01 -3.728932565E-02 -6.148430591E-01 
       101 -7.811726521E-02 -3.718137916E-02 -1.887986105E-01 
       102 -4.067271309E-01 -3.703907200E-02 -6.208458699E-01 
       103 -7.423598617E-02 -3.701829894E-02 -1.865020750E-01 
       104 -7.035012144E-02 -3.685306392E-02 -1.842172907E-01 
       105 -4.089979552E-01 -3.678218913E-02 -6.268310977E-01 
       106 -6.645991072E-02 -3.668568504E-02 -1.819432306E-01 
       107 -4.112435462E-01 -3.651866998E-02 -6.327930636E-01 
       108 -6.256559396E-02 -3.651617351E-02 -1.796788927E-01 
       109 -5.866741139E-02 -3.634454085E-02 -1.774233009E-01 
       110 -4.134637655E-01 -3.624851037E-02 -6.387269099E-01 
       111 -5.476560346E-02 -3.617079903E-02 -1.751755075E-01 
       112 -5.086041086E-02 -3.599496049E-02 -1.729345946E-01 
       113 -4.156584762E-01 -3.597170909E-02 -6.446280081E-01 
       114 -4.695207449E-02 -3.581703823E-02 -1.706996767E-01 
       115 -4.178275431E-01 -3.568826788E-02 -6.504917086E-01 
       116 -4.304083541E-02 -3.563704586E-02 -1.684699040E-01 
       117 -3.912693491E-02 -3.545499769E-02 -1.662444676E-01 
       118 -4.199708326E-01 -3.539819144E-02 -6.563133064E-01 
       119 -3.521061439E-02 -3.527090879E-02 -1.640226084E-01 
       120 -4.220882125E-01 -3.510148749E-02 -6.620880320E-01 
       121 -3.129211545E-02 -3.508479505E-02 -1.618036278E-01 
       122 -2.737167978E-02 -3.489667322E-02 -1.595869114E-01 
       123 -4.241795525E-01 -3.479816672E-02 -6.678113366E-01 
       124 -2.344954923E-02 -3.470656099E-02 -1.573718590E-01 
       125 -1.952596572E-02 -3.451447704E-02 -1.551577203E-01 
       126 -4.262447235E-01 -3.448824283E-02 -6.734778451E-01 
       127 -1.560117128E-02 -3.432044110E-02 -1.529437016E-01 
       128 -4.282835985E-01 -3.417173254E-02 -6.790819837E-01 
       129 -1.167540801E-02 -3.412447397E-02 -1.507291745E-01 
       130 -7.748918070E-03 -3.392659759E-02 -1.485136169E-01 
       131 -4.302960518E-01 -3.384865556E-02 -6.846183717E-01 
       132 -3.821943655E-03 -3.372683506E-02 -1.462965362E-01 
       133  1.052729985E-04 -3.352521073E-02 -1.440774820E-01 
       134 -4.322819594E-01 -3.351903461E-02 -6.900808581E-01 
       135  4.032489642E-03 -3.332175014E-02 -1.418560456E-01 
       136 -4.342411991E-01 -3.318289542E-02 -6.954559041E-01 
       137  7.959464029E-03 -3.311648017E-02 -1.396318612E-01 
       138  1.188595393E-02 -3.290942895E-02 -1.374046052E-01 
       139 -4.361736502E-01 -3.284026667E-02 -7.007147382E-01 
       140  1.581171713E-02 -3.270062597E-02 -1.351739970E-01 
       141 -4.380791937E-01 -3.249118006E-02 -7.058496660E-01 
       142  1.973651149E-02 -3.249010207E-02 -1.329397986E-01 
       143  2.366009490E-02 -3.227788943E-02 -1.307018149E-01 
       144 -4.399577124E-01 -3.213567023E-02 -7.108708271E-01 
       145  2.758222534E-02 -3.206402162E-02 -1.284598933E-01 
       146  3.150266087E-02 -3.184853359E-02 -1.262139235E-01 
       147 -4.418090905E-01 -3.177377476E-02 -7.157782305E-01 
       148  3.542115968E-02 -3.163146168E-02 -1.239638373E-01 
       149  3.933748004E-02 -3.141284360E-02 -1.217096084E-01 
       150 -4.436332142E-01 -3.140553417E-02 -7.205692691E-01 
       151  4.325138039E-02 -3.119271845E-02 -1.194512515E-01 
       152 -4.454299711E-01 -3.103099185E-02 -7.252369635E-01 
       153  4.716261930E-02 -3.097112670E-02 -1.171888220E-01 
       154  5.107095550E-02 -3.074811018E-02 -1.149224149E-01 
       155 -4.471992509E-01 -3.065019411E-02 -7.297722317E-01 
       156  5.497614792E-02 -3.052371204E-02 -1.126521643E-01 
       157  5.887795568E-02 -3.029797677E-02 -1.103782420E-01 
       158 -4.489409446E-01 -3.026319007E-02 -7.341645868E-01 
       159  6.277613807E-02 -3.007095014E-02 -1.081008559E-01 
       160 -4.506549452E-01 -2.987003169E-02 -7.384025445E-01 
       161  6.667045467E-02 -2.984267918E-02 -1.058202483E-01 
       162  7.056066524E-02 -2.961321216E-02 -1.035366944E-01 
       163 -4.523411473E-01 -2.947077371E-02 -7.424737225E-01 
       164  7.444652982E-02 -2.938259853E-02 -1.012504988E-01 
       165  7.832780872E-02 -2.915088889E-02 -9.896199520E-02 
       166 -4.539994472E-01 -2.906547362E-02 -7.463648271E-01 
       167  8.220426253E-02 -2.891813497E-02 -9.667155031E-02 
       168  8.607565212E-02 -2.868438951E-02 -9.437956599E-02 
       169 -4.556297433E-01 -2.865419165E-02 -7.500615815E-01 
       170  8.994173870E-02 -2.844970629E-02 -9.208647751E-02 
       171 -4.572319352E-01 -2.823699066E-02 -7.535486273E-01 
       172  9.380228379E-02 -2.821414004E-02 -8.979275054E-02 
       173  9.765704926E-02 -2.797774635E-02 -8.749887850E-02 
       174 -4.588059247E-01 -2.781393621E-02 -7.568094114E-01 
       175  1.015057973E-01 -2.774058167E-02 -8.520538059E-02 
       176  1.053482906E-01 -2.750270321E-02 -8.291279993E-02 
       177 -4.603516152E-01 -2.738509642E-02 -7.598260604E-01 
       178  1.091842920E-01 -2.726416886E-02 -8.062170186E-02 
       179  1.130135650E-01 -2.702503715E-02 -7.833267228E-02 
       180 -4.618689120E-01 -2.695054198E-02 -7.625792435E-01 
       181  1.168358733E-01 -2.678536716E-02 -7.604631594E-02 
       182  1.206509812E-01 -2.654521845E-02 -7.376325474E-02 
       183 -4.633577221E-01 -2.651034608E-02 -7.650480218E-01 
       184  1.244586533E-01 -2.630465098E-02 -7.148412599E-02 
       185 -4.648179542E-01 -2.606458441E-02 -7.672096833E-01 
       186  1.282586548E-01 -2.606372506E-02 -6.920958068E-02 
       187  1.320507513E-01 -2.582250119E-02 -6.694028165E-02 
       188 -4.662495191E-01 -2.561333503E-02 -7.690395617E-01 
       189  1.358347088E-01 -2.558104008E-02 -6.467690186E-02 
       190  1.396102940E-01 -2.533940250E-02 -6.242012249E-02 
       191 -4.676523292E-01 -2.515667842E-02 -7.705108369E-01 
       192  1.433772739E-01 -2.509764921E-02 -6.017063119E-02 
       193  1.471354162E-01 -2.485584089E-02 -5.792912018E-02 
       194 -4.690262988E-01 -2.469469736E-02 -7.715943140E-01 
       195  1.508844890E-01 -2.461403802E-02 -5.569628443E-02 
       196  1.546242611E-01 -2.437230085E-02 -5.347281982E-02 
       197 -4.703713441E-01 -2.422747690E-02 -7.722581831E-01 
       198  1.583545019E-01 -2.413068924E-02 -5.125942125E-02 
       199  1.620749812E-01 -2.388926265E-02 -4.905678083E-02 
       200 -4.716873831E-01 -2.375510432E-02 -7.724677457E-01 
       201  1.657854695E-01 -2.364807998E-02 -4.686558603E-02 
       202  1.694857379E-01 -2.340719956E-02 -4.468651781E-02 
       203 -4.729743357E-01 -2.327766908E-02 -7.721851303E-01 
       204  1.731755583E-01 -2.316667898E-02 -4.252024888E-02 
       205  1.768547029E-01 -2.292657508E-02 -4.036744182E-02 
       206 -4.742321237E-01 -2.279526273E-02 -7.713689736E-01 
       207  1.805229448E-01 -2.268694384E-02 -3.822874735E-02 
       208  1.841800578E-01 -2.244784026E-02 -3.610480254E-02 
       209 -4.754606707E-01 -2.230797890E-02 -7.699740746E-01 
       210  1.878258163E-01 -2.220931835E-02 -3.399622912E-02 
       211  1.914599954E-01 -2.197143100E-02 -3.190363173E-02 
       212 -4.766599024E-01 -2.181591324E-02 -7.679510291E-01 
       213  1.950823709E-01 -2.173422991E-02 -2.982759628E-02 
       214  1.986927193E-01 -2.149776553E-02 -2.776868829E-02 
       215 -4.778297463E-01 -2.131916334E-02 -7.652457146E-01 
       216  2.022908180E-01 -2.126208698E-02 -2.572745136E-02 
       217  2.058764450E-01 -2.102724198E-02 -2.370440555E-02 
       218 -4.789701319E-01 -2.081782867E-02 -7.617983901E-01 
       219  2.094493792E-01 -2.079327678E-02 -2.170004590E-02 
       220  2.130094000E-01 -2.056023610E-02 -1.971484102E-02 
       221  2.165562880E-01 -2.032816305E-02 -1.774923162E-02 
       222 -4.800809906E-01 -2.031201057E-02 -7.575412335E-01 
       223  2.200898243E-01 -2.009709913E-02 -1.580362917E-02 
       224  2.236097910E-01 -1.986708409E-02 -1.387841458E-02 
       225 -4.811622558E-01 -1.980181214E-02 -7.524090740E-01 
       226  2.271159710E-01 -1.963815595E-02 -1.197393677E-02 
       227  2.306081479E-01 -1.941035092E-02 -1.009051124E-02 
       228 -4.822138630E-01 -1.928733819E-02 -7.463291206E-01 
       229  2.340861063E-01 -1.918370335E-02 -8.228418221E-03 
       230  2.375496317E-01 -1.895824572E-02 -6.387900172E-03 
       231 -4.832357497E-01 -1.876869521E-02 -7.392117398E-01 
       232  2.409985105E-01 -1.873400857E-02 -4.569157844E-03 
       233  2.444325298E-01 -1.851102051E-02 -2.772343435E-03 
       234  2.478514780E-01 -1.828930814E-02 -9.975482903E-04 
       235 -4.842278553E-01 -1.824599126E-02 -7.309470771E-01 
       236  2.512551440E-01 -1.806889608E-02  7.552188420E-04 
       237  2.546433179E-01 -1.784980692E-02  2.486069835E-03 
       238 -4.851901214E-01 -1.771933594E-02 -7.214416174E-01 
       239  2.580157908E-01 -1.763206122E-02  4.195287078E-03 
       240  2.613723545E-01 -1.741567749E-02  5.883391546E-03 
       241  2.647128020E-01 -1.720067219E-02  7.550983459E-03 
       242 -4.861224917E-01 -1.718884030E-02 -7.106010184E-01 
       243  2.680369273E-01 -1.698705974E-02  9.198735354E-03 
       244  2.713445253E-01 -1.677485251E-02  1.082554798E-02 
       245 -4.870249120E-01 -1.665461676E-02 -6.982986631E-01 
       246  2.746353920E-01 -1.656406086E-02  1.243034145E-02 
       247  2.779093243E-01 -1.635469310E-02  1.401364423E-02 
       248  2.811661204E-01 -1.614675557E-02  1.557579263E-02 
       249 -4.878973302E-01 -1.611677908E-02 -6.844151012E-01 
       250  2.844055793E-01 -1.594025261E-02  1.711723758E-02 
       251  2.876275012E-01 -1.573518663E-02  1.863846380E-02 
       252 -4.887396965E-01 -1.557544221E-02 -6.688291799E-01 
       253  2.908316873E-01 -1.553155814E-02  2.013999584E-02 
       254  2.940179401E-01 -1.532936574E-02  2.162239777E-02 
       255  2.971860628E-01 -1.512860623E-02  2.308627579E-02 
       256 -4.895519630E-01 -1.503072226E-02 -6.514011772E-01 
       257  3.003358602E-01 -1.492927461E-02  2.453228034E-02 
       258  3.034671379E-01 -1.473136414E-02  2.596110759E-02 
       259  3.065797028E-01 -1.453486641E-02  2.737350041E-02 
       260 -4.903340845E-01 -1.448273637E-02 -6.319754465E-01 
       261  3.096733628E-01 -1.433977139E-02  2.877024906E-02 
       262  3.127479271E-01 -1.414606747E-02  3.015219147E-02 
       263  3.158032061E-01 -1.395374158E-02  3.152021332E-02 
       264 -4.910860176E-01 -1.393160262E-02 -6.103870264E-01 
       265  3.188390113E-01 -1.376277921E-02  3.287524782E-02 
       266  3.218551554E-01 -1.357316450E-02  3.421827532E-02 
       267  3.248514524E-01 -1.338488034E-02  3.555032269E-02 
       268 -4.918077214E-01 -1.337743994E-02 -5.865403781E-01 
       269  3.278277174E-01 -1.319790841E-02  3.687246256E-02 
       270  3.307837669E-01 -1.301222929E-02  3.818581296E-02 
       271  3.337194185E-01 -1.282782256E-02  3.949153644E-02 
       272 -4.924991571E-01 -1.282036795E-02 -5.604002598E-01 
       273  3.366344910E-01 -1.264466683E-02  4.079084259E-02 
       274  3.395288048E-01 -1.246273992E-02  4.208499128E-02 
       275  3.424021812E-01 -1.228201887E-02  4.337529131E-02 
       276 -4.931602885E-01 -1.226050688E-02 -5.319103047E-01 
       277  3.452544430E-01 -1.210248007E-02  4.466309909E-02 
       278  3.480854143E-01 -1.192409938E-02  4.594981910E-02 
       279  3.508949204E-01 -1.174685218E-02  4.723690541E-02 
       280 -4.937910812E-01 -1.169797735E-02 -5.009495805E-01 
       281  3.536827880E-01 -1.157071352E-02  4.852586859E-02 
       282  3.564488452E-01 -1.139565819E-02  4.981826536E-02 
       283  3.591929213E-01 -1.122166081E-02  5.111570465E-02 
       284 -4.943915036E-01 -1.113290031E-02 -4.673822768E-01 
       285  3.619148470E-01 -1.104869598E-02  5.241975803E-02 
       286  3.646144545E-01 -1.087673833E-02  5.373191972E-02 
       287  3.672915772E-01 -1.070576267E-02  5.505380210E-02 
       288 -4.949615259E-01 -1.056539681E-02 -4.300209778E-01 
       289  3.699460499E-01 -1.053574405E-02  5.638712228E-02 
       290  3.725777090E-01 -1.036665790E-02  5.773360699E-02 
       291  3.751863921E-01 -1.019848011E-02  5.909501990E-02 
       292  3.777719382E-01 -1.003118712E-02  6.047314978E-02 
       293 -4.955011205E-01 -9.995587829E-03 -3.881566944E-01 
       294  3.803341879E-01 -9.864756047E-03  6.186981100E-02 
       295  3.828729831E-01 -9.699164780E-03  6.328684150E-02 
       296  3.853881673E-01 -9.534392054E-03  6.472610142E-02 
       297 -4.960102619E-01 -9.423594105E-03 -3.423443241E-01 
       298  3.878795852E-01 -9.370417565E-03  6.618947258E-02 
       299  3.903470832E-01 -9.207222054E-03  6.767885727E-02 
       300  3.927905090E-01 -9.044787401E-03  6.919617621E-02 
       301  3.952097120E-01 -8.883096711E-03  7.074336654E-02 
       302 -4.964889266E-01 -8.849535940E-03 -2.927281394E-01 
       303  3.976045429E-01 -8.722134400E-03  7.232238008E-02 
       304  3.999748540E-01 -8.561886278E-03  7.393518160E-02 
       305  4.023204990E-01 -8.402339624E-03  7.558374717E-02 
       306 -4.969370928E-01 -8.273533011E-03 -2.392945812E-01 
       307  4.046413334E-01 -8.243483268E-03  7.727006252E-02 
       308  4.069372138E-01 -8.085307655E-03  7.899612149E-02 
       309  4.092079987E-01 -7.927804919E-03  8.076392444E-02 
       310  4.114535480E-01 -7.770968945E-03  8.257547681E-02 
       311 -4.973547399E-01 -7.695704193E-03 -1.819697732E-01 
       312  4.136737233E-01 -7.614795430E-03  8.443278759E-02 
       313  4.158683874E-01 -7.459281938E-03  8.633786806E-02 
       314  4.180374052E-01 -7.304427951E-03  8.829273021E-02 
       315  4.201806426E-01 -7.150234916E-03  9.029938585E-02 
       316 -4.977418488E-01 -7.116167409E-03 -1.209274352E-01 
       317  4.222979677E-01 -6.996706288E-03  9.235984513E-02 
       318  4.243892497E-01 -6.843847566E-03  9.447611280E-02 
       319  4.264543597E-01 -6.691666328E-03  9.665019013E-02 
       320  4.284931702E-01 -6.540172254E-03  9.888407105E-02 
       321 -4.980984012E-01 -6.535039523E-03 -5.648824440E-02 
       322  4.305055555E-01 -6.389377151E-03  1.011797539E-01 
       323  4.324913915E-01 -6.239294973E-03  1.035392307E-01 
       324  4.344505557E-01 -6.089941825E-03  1.059644810E-01 
       325 -4.984243793E-01 -5.952436284E-03  1.118326923E-02 
       326  4.363829272E-01 -5.941335978E-03  1.084574841E-01 
       327  4.382883868E-01 -5.793497865E-03  1.110202133E-01 
       328  4.401668170E-01 -5.646450079E-03  1.136546364E-01 
       329  4.420181019E-01 -5.500217365E-03  1.163627152E-01 
       330 -4.987197652E-01 -5.368472357E-03  8.183513395E-02 
       331  4.438421274E-01 -5.354826600E-03  1.191464076E-01 
       332  4.456387809E-01 -5.210306781E-03  1.220076730E-01 
       333  4.474079516E-01 -5.066688992E-03  1.249484748E-01 
       334  4.491495303E-01 -4.924006380E-03  1.279707885E-01 
       335 -4.989845407E-01 -4.783261450E-03  1.550569320E-01 
       336  4.508634097E-01 -4.782294114E-03  1.310765898E-01 
       337  4.525494840E-01 -4.641589348E-03  1.342678750E-01 
       338  4.542076493E-01 -4.501931171E-03  1.375465835E-01 
       339  4.558378032E-01 -4.363360562E-03  1.409146459E-01 
       340  4.574398452E-01 -4.225920329E-03  1.443740833E-01 
       341 -4.992186867E-01 -4.196916561E-03  2.299931011E-01 
       342  4.590136765E-01 -4.089655051E-03  1.479269484E-01 
       343  4.605592000E-01 -3.954611013E-03  1.515753244E-01 
       344  4.620763204E-01 -3.820836135E-03  1.553213220E-01 
       345  4.635649442E-01 -3.688379899E-03  1.591670923E-01 
       346 -4.994221829E-01 -3.609550355E-03  3.052253969E-01 
       347  4.650249794E-01 -3.557293273E-03  1.631148423E-01 
       348  4.664563360E-01 -3.427628623E-03  1.671668417E-01 
       349  4.678589258E-01 -3.299439636E-03  1.713254393E-01 
       350  4.692326623E-01 -3.172781220E-03  1.755930762E-01 
       351  4.705774607E-01 -3.047709421E-03  1.799722943E-01 
       352 -4.995950072E-01 -3.021275665E-03  3.806600415E-01 
       353  4.718932381E-01 -2.924281320E-03  1.844657533E-01 
       354  4.731799133E-01 -2.802554937E-03  1.890762505E-01 
       355  4.744374069E-01 -2.682589125E-03  1.938067438E-01 
       356  4.756656415E-01 -2.564443471E-03  1.986603647E-01 
       357  4.768645413E-01 -2.448178185E-03  2.036404507E-01 
       358 -4.997371359E-01 -2.432206113E-03  4.561873803E-01 
       359  4.780340323E-01 -2.333853992E-03  2.087505635E-01 
       360  4.791740423E-01 -2.221532021E-03  2.139945213E-01 
       361  4.802845012E-01 -2.111273691E-03  2.193764567E-01 
       362  4.813653404E-01 -2.003140599E-03  2.249008542E-01 
       363  4.824164932E-01 -1.897194404E-03  2.305726027E-01 
       364 -4.998485437E-01 -1.842456810E-03  5.305873612E-01 
       365  4.834378949E-01 -1.793496712E-03  2.363970540E-01 
       366  4.844294824E-01 -1.692108956E-03  2.423800910E-01 
       367  4.853911945E-01 -1.593092283E-03  2.485282072E-01 
       368  4.863229721E-01 -1.496507437E-03  2.548485994E-01 
       369  4.872247575E-01 -1.402414637E-03  2.613492766E-01 
       370  4.880964953E-01 -1.310873469E-03  2.680391890E-01 
       371 -4.999292034E-01 -1.252145090E-03  6.025562746E-01 
       372  4.889381316E-01 -1.221942762E-03  2.749283804E-01 
       373  4.897496145E-01 -1.135680481E-03  2.820281710E-01 
       374  4.905308940E-01 -1.052143608E-03  2.893513761E-01 
       375  4.912819220E-01 -9.713880336E-04  2.969125720E-01 
       376  4.920026520E-01 -8.934684447E-04  3.047284197E-01 
       377  4.926930398E-01 -8.184382188E-04  3.128180637E-01 
       378  4.933530426E-01 -7.463493174E-04  3.212036283E-01 
       379  4.939826198E-01 -6.772521824E-04  3.299108394E-01 
       380 -4.999790870E-01 -6.613912113E-04  6.709998778E-01 
       381  4.945817325E-01 -6.111956365E-04  3.389698082E-01 
       382  4.951503439E-01 -5.482267854E-04  3.484160493E-01 
       383  4.956884189E-01 -4.883909237E-04  3.582918032E-01 
       384  4.961959242E-01 -4.317314444E-04  3.686477849E-01 
       385  4.966728287E-01 -3.782897514E-04  3.795455354E-01 
       386  4.971191028E-01 -3.281051768E-04  3.910604503E-01 
       387  4.975347191E-01 -2.812149012E-04  4.032863099E-01 
       388  4.979196519E-01 -2.376538789E-04  4.163400509E-01 
       389  4.982738775E-01 -1.974547676E-04  4.303735907E-01 
       390  4.985973741E-01 -1.606478618E-04  4.455625029E-01 
       391  4.988901217E-01 -1.272610318E-04  4.621821300E-01 
       392  4.991521022E-01 -9.731966709E-05  4.801016248E-01 
       393  4.993832996E-01 -7.084662507E-05  5.022039160E-01 
       394 -4.999981658E-01 -7.031895022E-05  7.327798820E-01 
       395  4.995168999E-01 -5.552697142E-05  5.179257052E-01 
       396  4.996402298E-01 -4.137221906E-05  5.359476353E-01 
       397  4.997532896E-01 -2.838400191E-05  5.607218273E-01 
       398  4.998458022E-01 -1.774044188E-05  5.857417774E-01 
       399  4.999503277E-01 -5.714795751E-06  6.396572186E-01 
       400  5.000000000E-01  0.000000000E+00  6.566277354E-01 
       401  4.999514192E-01  1.182802305E-05  6.368079747E-01 
       402  4.998831882E-01  2.844027870E-05  5.950347730E-01 
       403  4.997914711E-01  5.077074005E-05  5.589864793E-01 
       404  4.996751912E-01  7.908150698E-05  5.294198333E-01 
       405  4.995382349E-01  1.124263864E-04  5.049729225E-01 
       406  4.993902438E-01  1.484579331E-04  4.852974923E-01 
       407  4.992445012E-01  1.839420023E-04  4.706750933E-01 
       408  4.990133009E-01  2.401379839E-04  4.534496899E-01 
       409  4.987513170E-01  3.037628594E-04  4.383540291E-01 
       410  4.984585656E-01  3.747928163E-04  4.238639855E-01 
       411  4.981350648E-01  4.532013290E-04  4.101347591E-01 
       412  4.977808346E-01  5.389591884E-04  3.970794747E-01 
       413  4.973958969E-01  6.320345335E-04  3.846386269E-01 
       414 -4.999860106E-01  6.866690384E-04  7.978248569E-01 
       415  4.969802752E-01  7.323928867E-04  3.727441994E-01 
       416  4.965339954E-01  8.399971914E-04  3.613449234E-01 
       417  4.960570850E-01  9.548078520E-04  3.504012312E-01 
       418  4.955495732E-01  1.076782778E-03  3.398707427E-01 
       419  4.950114915E-01  1.205877428E-03  3.297143280E-01 
       420  4.944428731E-01  1.342044860E-03  3.198975680E-01 
       421 -4.999426014E-01  1.443722647E-03  8.511933100E-01 
       422  4.938437530E-01  1.485235781E-03  3.103906197E-01 
       423  4.932141681E-01  1.635398598E-03  3.011676496E-01 
       424  4.925541574E-01  1.792479477E-03  2.922061413E-01 
       425  4.918637615E-01  1.956422398E-03  2.834862540E-01 
       426  4.911430230E-01  2.127169217E-03  2.749906443E-01 
       427 -4.998683291E-01  2.200770683E-03  8.966953778E-01 
       428  4.903919863E-01  2.304659721E-03  2.667043042E-01 
       429  4.896106979E-01  2.488831700E-03  2.586139995E-01 
       430  4.887992058E-01  2.679621007E-03  2.507079287E-01 
       431  4.879575602E-01  2.876961626E-03  2.429755094E-01 
       432 -4.997631854E-01  2.957749701E-03  9.341284656E-01 
       433  4.870858129E-01  3.080785740E-03  2.354072187E-01 
       434  4.861840178E-01  3.291023803E-03  2.279945133E-01 
       435  4.852522304E-01  3.507604607E-03  2.207296574E-01 
       436 -4.996271646E-01  3.714594803E-03  9.638488809E-01 
       437  4.842905082E-01  3.730455360E-03  2.136056260E-01 
       438  4.832989106E-01  3.959501755E-03  2.066161052E-01 
       439  4.822774988E-01  4.194668047E-03  1.997553699E-01 
       440  4.812263356E-01  4.435877128E-03  1.930182237E-01 
       441 -4.994602642E-01  4.471239821E-03  9.862135908E-01 
       442  4.801454860E-01  4.683050604E-03  1.863999421E-01 
       443  4.790350167E-01  4.936108871E-03  1.798962143E-01 
       444  4.778949961E-01  5.194971192E-03  1.735031026E-01 
       445 -4.992624846E-01  5.227617521E-03  1.001475673E+00 
       446  4.767254945E-01  5.459555776E-03  1.672170037E-01 
       447  4.755265841E-01  5.729779857E-03  1.610346135E-01 
       448 -4.990338297E-01  5.983659848E-03  1.009940756E+00 
       449  4.742983389E-01  6.005559771E-03  1.549528961E-01 
       450  4.730408346E-01  6.286811033E-03  1.489690559E-01 
       451  4.717541488E-01  6.573448419E-03  1.430805130E-01 
       452 -4.987743067E-01  6.739298163E-03  1.012098671E+00 
       453  4.704383608E-01  6.865386041E-03  1.372848806E-01 
       454  4.690935519E-01  7.162537427E-03  1.315799458E-01 
       455  4.677198049E-01  7.464815596E-03  1.259636516E-01 
       456 -4.984839259E-01  7.494463489E-03  1.008530140E+00 
       457  4.663172046E-01  7.772133136E-03  1.204340808E-01 
       458  4.648858376E-01  8.084402282E-03  1.149894416E-01 
       459 -4.981627014E-01  8.249086729E-03  9.998399735E-01 
       460  4.634257920E-01  8.401534987E-03  1.096280547E-01 
       461  4.619371581E-01  8.723443002E-03  1.043483415E-01 
       462 -4.978106502E-01  9.003098869E-03  9.866552488E-01 
       463  4.604200275E-01  9.050037943E-03  9.914881329E-02 
       464  4.588744940E-01  9.381231368E-03  9.402806155E-02 
       465  4.573006527E-01  9.716934848E-03  8.898474915E-02 
       466 -4.974277928E-01  9.756431144E-03  9.696752579E-01 
       467  4.556986009E-01  1.005706003E-02  8.401760222E-02 
       468  4.540684373E-01  1.040151872E-02  7.912540286E-02 
       469 -4.970141523E-01  1.050901517E-02  9.495552723E-01 
       470  4.524102625E-01  1.075022294E-02  7.430698236E-02 
       471  4.507241788E-01  1.110308497E-02  6.956121513E-02 
       472 -4.965697551E-01  1.126078306E-02  9.268336795E-01 
       473  4.490102901E-01  1.146001747E-02  6.488701305E-02 
       474  4.472687022E-01  1.182093348E-02  6.028332036E-02 
       475 -4.960946301E-01  1.201166748E-02  9.019567470E-01 
       476  4.454995226E-01  1.218574652E-02  5.574910896E-02 
       477  4.437028603E-01  1.255437063E-02  5.128337413E-02 
       478 -4.955888090E-01  1.276160167E-02  8.753316161E-01 
       479  4.418788261E-01  1.292672042E-02  4.688513062E-02 
       480  4.400275327E-01  1.330271115E-02  4.255340908E-02 
       481 -4.950523258E-01  1.351051952E-02  8.473254870E-01 
       482  4.381490942E-01  1.368225874E-02  3.828725277E-02 
       483  4.362436265E-01  1.406527986E-02  3.408571461E-02 
       484 -4.944852168E-01  1.425835552E-02  8.182581783E-01 
       485  4.343112470E-01  1.445169196E-02  2.994785449E-02 
       486  4.323520750E-01  1.484141331E-02  2.587273677E-02 
       487 -4.938875206E-01  1.500504474E-02  7.884157949E-01 
       488  4.303662314E-01  1.523436303E-02  2.185942809E-02 
       489  4.283538387E-01  1.563046117E-02  1.790699539E-02 
       490 -4.932592779E-01  1.575052282E-02  7.580492185E-01 
       491  4.263150209E-01  1.602962869E-02  1.401450411E-02 
       492  4.242499039E-01  1.643178756E-02  1.018101661E-02 
       493 -4.926005314E-01  1.649472592E-02  7.273772695E-01 
       494  4.221586150E-01  1.683686073E-02  6.405590770E-03 
       495 -4.919113258E-01  1.723759067E-02  6.965895392E-01 
       496  4.200412833E-01  1.724477219E-02  2.687278738E-03 
       497  4.178980393E-01  1.765544700E-02 -9.748741683E-04 
       498 -4.911917074E-01  1.797905412E-02  6.658487486E-01 
       499  4.157290152E-01  1.806881128E-02 -4.581830385E-03 
       500  4.135343449E-01  1.848479230E-02 -8.134560867E-03 
       501 -4.904417248E-01  1.871905371E-02  6.352931732E-01 
       502  4.113141637E-01  1.890331839E-02 -1.163404577E-02 
       503  4.090686086E-01  1.932431908E-02 -1.508127497E-02 
       504 -4.896614279E-01  1.945752720E-02  6.050392087E-01 
       505  4.067978181E-01  1.974772501E-02 -1.847724851E-02 
       506  4.045019322E-01  2.017346799E-02 -2.182297690E-02 
       507 -4.888508686E-01  2.019441262E-02  5.751834941E-01 
       508  4.021810926E-01  2.060148099E-02 -2.511948137E-02 
       509 -4.880101007E-01  2.092964825E-02  5.458054330E-01 
       510  3.998354425E-01  2.103169817E-02 -2.836779406E-02 
       511  3.974651265E-01  2.146405485E-02 -3.156895800E-02 
       512 -4.871391792E-01  2.166317255E-02  5.169692279E-01 
       513  3.950702908E-01  2.189848750E-02 -3.472402672E-02 
       514  3.926510833E-01  2.233493380E-02 -3.783406398E-02 
       515 -4.862381614E-01  2.239492413E-02  4.887258437E-01 
       516  3.902076530E-01  2.277333255E-02 -4.090014347E-02 
       517 -4.853071057E-01  2.312484175E-02  4.611147931E-01 
       518  3.877401508E-01  2.321362372E-02 -4.392334874E-02 
       519  3.852487288E-01  2.365574842E-02 -4.690476936E-02 
       520 -4.843460727E-01  2.385286421E-02  4.341656831E-01 
       521  3.827335407E-01  2.409964887E-02 -4.984551210E-02 
       522  3.801947417E-01  2.454526842E-02 -5.274669340E-02 
       523 -4.833551244E-01  2.457893041E-02  4.078994712E-01 
       524  3.776324883E-01  2.499255148E-02 -5.560943063E-02 
       525 -4.823343244E-01  2.530297925E-02  3.823290405E-01 
       526  3.750469387E-01  2.544144355E-02 -5.843485148E-02 
       527  3.724382523E-01  2.589189117E-02 -6.122408921E-02 
       528 -4.812837383E-01  2.602494966E-02  3.574600326E-01 
       529  3.698065900E-01  2.634384189E-02 -6.397828285E-02 
       530 -4.802034331E-01  2.674478053E-02  3.332930735E-01 
       531  3.671521142E-01  2.679724425E-02 -6.669857604E-02 
       532  3.644749886E-01  2.725204774E-02 -6.938611744E-02 
       533 -4.790934776E-01  2.746241076E-02  3.098250763E-01 
       534  3.617753783E-01  2.770820280E-02 -7.204205972E-02 
       535  3.590534499E-01  2.816566073E-02 -7.466753665E-02 
       536 -4.779539422E-01  2.817777917E-02  2.870494500E-01 
       537  3.563093713E-01  2.862437371E-02 -7.726369141E-02 
       538 -4.767848991E-01  2.889082452E-02  2.649564858E-01 
       539  3.535433117E-01  2.908429473E-02 -7.983169134E-02 
       540  3.507554418E-01  2.954537755E-02 -8.237270150E-02 
       541 -4.755864222E-01  2.960148552E-02  2.435341291E-01 
       542  3.479459335E-01  3.000757667E-02 -8.488788696E-02 
       543 -4.743585871E-01  3.030970075E-02  2.227686842E-01 
       544  3.451149601E-01  3.047084728E-02 -8.737840739E-02 
       545  3.422626963E-01  3.093514522E-02 -8.984541779E-02 
       546 -4.731014709E-01  3.101540874E-02  2.026463157E-01 
       547  3.393893180E-01  3.140042693E-02 -9.229006819E-02 
       548 -4.718151526E-01  3.171854788E-02  1.831598965E-01 
       549  3.364950025E-01  3.186664942E-02 -9.471350338E-02 
       550  3.335799282E-01  3.233377019E-02 -9.711686235E-02 
       551 -4.704997129E-01  3.241905647E-02  1.642990160E-01 
       552  3.306442751E-01  3.280174720E-02 -9.950127751E-02 
       553 -4.691552341E-01  3.311687267E-02  1.460418845E-01 
       554  3.276882241E-01  3.327053882E-02 -1.018678737E-01 
       555  3.247119576E-01  3.374010379E-02 -1.042177674E-01 
       556 -4.677818004E-01  3.381193453E-02  1.283669153E-01 
       557  3.217156593E-01  3.421040113E-02 -1.065520656E-01 
       558 -4.663794975E-01  3.450417995E-02  1.112548816E-01 
       559  3.186995139E-01  3.468139013E-02 -1.088718650E-01 
       560  3.156637075E-01  3.515303028E-02 -1.111782512E-01 
       561 -4.649484129E-01  3.519354670E-02  9.468701064E-02 
       562  3.126084273E-01  3.562528121E-02 -1.134722972E-01 
       563 -4.634886358E-01  3.587997241E-02  7.864506767E-02 
       564  3.095338619E-01  3.609810265E-02 -1.157550633E-01 
       565 -4.620002570E-01  3.656339457E-02  6.311137089E-02 
       566  3.064402008E-01  3.657145437E-02 -1.180275953E-01 
       567  3.033276350E-01  3.704529611E-02 -1.202909244E-01 
       568 -4.604833693E-01  3.724375050E-02  4.806861390E-02 
       569  3.001963563E-01  3.751958756E-02 -1.225460657E-01 
       570 -4.589380669E-01  3.792097740E-02  3.349984202E-02 
       571  2.970465580E-01  3.799428829E-02 -1.247940178E-01 
       572  2.938784343E-01  3.846935766E-02 -1.270357616E-01 
       573 -4.573644458E-01  3.859501227E-02  1.938855744E-02 
       574  2.906921808E-01  3.894475485E-02 -1.292722597E-01 
       575 -4.557626038E-01  3.926579201E-02  5.718822525E-03 
       576  2.874879938E-01  3.942043871E-02 -1.315044554E-01 
       577  2.842660711E-01  3.989636780E-02 -1.337332722E-01 
       578 -4.541326402E-01  3.993325331E-02 -7.524644847E-03 
       579  2.810266114E-01  4.037250027E-02 -1.359596125E-01 
       580 -4.524746562E-01  4.059733273E-02 -2.035628827E-02 
       581  2.777698145E-01  4.084879383E-02 -1.381843576E-01 
       582 -4.507887546E-01  4.125796668E-02 -3.278935519E-02 
       583  2.744958813E-01  4.132520571E-02 -1.404083662E-01 
       584  2.712050139E-01  4.180169260E-02 -1.426324742E-01 
       585 -4.490750399E-01  4.191509137E-02 -4.483532348E-02 
       586  2.678974151E-01  4.227821062E-02 -1.448574939E-01 
       587 -4.473336183E-01  4.256864288E-02 -5.650270242E-02 
       588  2.645732890E-01  4.275471523E-02 -1.470842133E-01 
       589 -4.455645975E-01  4.321855714E-02 -6.779198524E-02 
       590  2.612328406E-01  4.323116124E-02 -1.493133954E-01 
       591  2.578762760E-01  4.370750272E-02 -1.515457780E-01 
       592 -4.437680871E-01  4.386476989E-02 -7.872439780E-02 
       593  2.545038023E-01  4.418369298E-02 -1.537820723E-01 
       594 -4.419441984E-01  4.450721674E-02 -8.933188228E-02 
       595  2.511156275E-01  4.465968453E-02 -1.560229633E-01 
       596  2.477119605E-01  4.513542901E-02 -1.582691085E-01 
       597 -4.400930442E-01  4.514583312E-02 -9.962909183E-02 
       598  2.442930114E-01  4.561087720E-02 -1.605211379E-01 
       599 -4.382147390E-01  4.578055434E-02 -1.096286085E-01 
       600  2.408589910E-01  4.608597895E-02 -1.627796533E-01 
       601 -4.363093989E-01  4.641131553E-02 -1.193409605E-01 
       602  2.374101111E-01  4.656068312E-02 -1.650452277E-01 
       603  2.339465846E-01  4.703493763E-02 -1.673184053E-01 
       604 -4.343771419E-01  4.703805168E-02 -1.287758053E-01 
       605  2.304686250E-01  4.750868933E-02 -1.695997006E-01 
       606 -4.324180874E-01  4.766069764E-02 -1.379425632E-01 
       607  2.269764468E-01  4.798188403E-02 -1.718895985E-01 
       608 -4.304323564E-01  4.827918814E-02 -1.468506017E-01 
       609  2.234702655E-01  4.845446648E-02 -1.741885535E-01 
       610 -4.284200718E-01  4.889345774E-02 -1.555087754E-01 
       611  2.199502974E-01  4.892638028E-02 -1.764969896E-01 
       612  2.164167596E-01  4.939756794E-02 -1.788153002E-01 
       613 -4.263813578E-01  4.950344090E-02 -1.639258528E-01 
       614  2.128698701E-01  4.986797079E-02 -1.811438474E-01 
       615 -4.243163405E-01  5.010907194E-02 -1.721092375E-01 
       616  2.093098475E-01  5.033752900E-02 -1.834829619E-01 
       617 -4.222251474E-01  5.071028508E-02 -1.800654897E-01 
       618  2.057369117E-01  5.080618154E-02 -1.858329432E-01 
       619  2.021512828E-01  5.127386619E-02 -1.881940587E-01 
       620 -4.201079077E-01  5.130701441E-02 -1.878016642E-01 
       621  1.985531822E-01  5.174051950E-02 -1.905665440E-01 
       622 -4.179647523E-01  5.189919394E-02 -1.953243423E-01 
       623  1.949428317E-01  5.220607680E-02 -1.929506027E-01 
       624 -4.157958134E-01  5.248675757E-02 -2.026400553E-01 
       625  1.913204541E-01  5.267047217E-02 -1.953464062E-01 
       626 -4.136012250E-01  5.306963914E-02 -2.097553308E-01 
       627  1.876862728E-01  5.313363848E-02 -1.977540934E-01 
       628  1.840405120E-01  5.359550731E-02 -2.001737712E-01 
       629 -4.113811227E-01  5.364777238E-02 -2.166764630E-01 
       630  1.803833965E-01  5.405600904E-02 -2.026055140E-01 
       631 -4.091356436E-01  5.422109099E-02 -2.234094992E-01 
       632  1.767151520E-01  5.451507276E-02 -2.050493638E-01 
       633 -4.068649262E-01  5.478952860E-02 -2.299602268E-01 
       634  1.730360047E-01  5.497262637E-02 -2.075053302E-01 
       635 -4.045691108E-01  5.535301882E-02 -2.363341762E-01 
       636  1.693461816E-01  5.542859649E-02 -2.099733909E-01 
       637  1.656459103E-01  5.588290853E-02 -2.124534914E-01 
       638 -4.022483392E-01  5.591149519E-02 -2.425366278E-01 
       639  1.619354190E-01  5.633548669E-02 -2.149455458E-01 
       640 -3.999027545E-01  5.646489129E-02 -2.485726214E-01 
       641  1.582149365E-01  5.678625396E-02 -2.174494372E-01 
       642 -3.975325017E-01  5.701314065E-02 -2.544469648E-01 
       643  1.544846925E-01  5.723513214E-02 -2.199650167E-01 
       644 -3.951377269E-01  5.755617685E-02 -2.601642439E-01 
       645  1.507449170E-01  5.768204186E-02 -2.224921024E-01 
       646 -3.927185781E-01  5.809393348E-02 -2.657288314E-01 
       647  1.469958407E-01  5.812690261E-02 -2.250304803E-01 
       648  1.432376948E-01  5.856963274E-02 -2.275799054E-01 
       649 -3.902752045E-01  5.862634418E-02 -2.711448960E-01 
       650  1.394707112E-01  5.901014950E-02 -2.301401026E-01 
       651 -3.878077569E-01  5.915334267E-02 -2.764164110E-01 
       652  1.356951222E-01  5.944836906E-02 -2.327107683E-01 
       653 -3.853163877E-01  5.967486273E-02 -2.815471629E-01 
       654  1.319111607E-01  5.988420654E-02 -2.352915729E-01 
       655 -3.828012506E-01  6.019083825E-02 -2.865407600E-01 
       656  1.281190602E-01  6.031757605E-02 -2.378821593E-01 
       657 -3.802625008E-01  6.070120324E-02 -2.914006405E-01 
       658  1.243190545E-01  6.074839071E-02 -2.404821384E-01 
       659  1.205113781E-01  6.117656269E-02 -2.430910905E-01 
       660 -3.777002950E-01  6.120589184E-02 -2.961300822E-01 
       661  1.166962658E-01  6.160200322E-02 -2.457085660E-01 
       662 -3.751147913E-01  6.170483837E-02 -3.007322126E-01 
       663  1.128739530E-01  6.202462270E-02 -2.483340849E-01 
       664 -3.725061492E-01  6.219797732E-02 -3.052100230E-01 
       665  1.090446753E-01  6.244433066E-02 -2.509671364E-01 
       666 -3.698745298E-01  6.268524339E-02 -3.095663853E-01 
       667  1.052086692E-01  6.286103585E-02 -2.536071789E-01 
       668 -3.672200954E-01  6.316657151E-02 -3.138040794E-01 
       669  1.013661711E-01  6.327464625E-02 -2.562536387E-01 
       670 -3.645430098E-01  6.364189686E-02 -3.179257844E-01 
       671  9.751741809E-02  6.368506917E-02 -2.589059075E-01 
       672  9.366264758E-02  6.409221124E-02 -2.615633345E-01 
       673 -3.618434382E-01  6.411115491E-02 -3.219340591E-01 
       674  8.980209736E-02  6.449597847E-02 -2.642252214E-01 
       675 -3.591215472E-01  6.457428141E-02 -3.258311314E-01 
       676  8.593600555E-02  6.489627633E-02 -2.668907631E-01 
       677 -3.563775047E-01  6.503121248E-02 -3.296182323E-01 
       678  8.206461065E-02  6.529300977E-02 -2.695589982E-01 
       679 -3.536114800E-01  6.548188456E-02 -3.332970158E-01 
       680  7.818815144E-02  6.568608330E-02 -2.722292122E-01 
       681 -3.508236438E-01  6.592623451E-02 -3.368701287E-01 
       682  7.430686705E-02  6.607540101E-02 -2.749008376E-01 
       683 -3.480141681E-01  6.636419957E-02 -3.403398991E-01 
       684  7.042099691E-02  6.646086663E-02 -2.775731438E-01 
       685 -3.451832263E-01  6.679571746E-02 -3.437083572E-01 
       686  6.653078070E-02  6.684238364E-02 -2.802453858E-01 
       687  6.263645839E-02  6.721985525E-02 -2.829167800E-01 
       688 -3.423309930E-01  6.722072636E-02 -3.469770388E-01 
       689  5.873827021E-02  6.759318450E-02 -2.855865086E-01 
       690 -3.394576441E-01  6.763916496E-02 -3.501473922E-01 
       691  5.483645661E-02  6.796227431E-02 -2.882537214E-01 
       692 -3.365633571E-01  6.805097247E-02 -3.532210246E-01 
       693  5.093125829E-02  6.832702755E-02 -2.909175409E-01 
       694 -3.336483103E-01  6.845608870E-02 -3.561993913E-01 
       695  4.702291612E-02  6.868734708E-02 -2.935770659E-01 
       696 -3.307126838E-01  6.885445405E-02 -3.590838717E-01 
       697  4.311167120E-02  6.904313582E-02 -2.962313750E-01 
       698 -3.277566585E-01  6.924600955E-02 -3.618757784E-01 
       699  3.919776479E-02  6.939429681E-02 -2.988795283E-01 
       700 -3.247804168E-01  6.963069690E-02 -3.645763600E-01 
       701  3.528143832E-02  6.974073328E-02 -3.015205690E-01 
       702 -3.217841425E-01  7.000845853E-02 -3.671868046E-01 
       703  3.136293338E-02  7.008234870E-02 -3.041535220E-01 
       704 -3.187680203E-01  7.037923757E-02 -3.697082421E-01 
       705  2.744249166E-02  7.041904684E-02 -3.067773956E-01 
       706 -3.157322362E-01  7.074297795E-02 -3.721417474E-01 
       707  2.352035502E-02  7.075073183E-02 -3.093911817E-01 
       708  1.959676538E-02  7.107730825E-02 -3.119938508E-01 
       709 -3.126769777E-01  7.109962442E-02 -3.744883435E-01 
       710  1.567196477E-02  7.139868115E-02 -3.145843431E-01 
       711 -3.096024331E-01  7.144912255E-02 -3.767490046E-01 
       712  1.174619530E-02  7.171475614E-02 -3.171615532E-01 
       713 -3.065087922E-01  7.179141881E-02 -3.789246585E-01 
       714  7.819699127E-03  7.202543944E-02 -3.197243387E-01 
       715 -3.033962457E-01  7.212646060E-02 -3.810161900E-01 
       716  3.892718457E-03  7.233063796E-02 -3.222715553E-01 
       717 -3.002649858E-01  7.245419625E-02 -3.830244432E-01 
       718 -3.450447006E-05  7.263025931E-02 -3.248021753E-01 
       719 -2.971152056E-01  7.277457512E-02 -3.849502246E-01 
       720 -3.961727403E-03  7.292421192E-02 -3.273153109E-01 
       721 -2.939470994E-01  7.308754757E-02 -3.867943052E-01 
       722 -7.888708088E-03  7.321240508E-02 -3.298100335E-01 
       723 -2.907608626E-01  7.339306506E-02 -3.885574234E-01 
       724 -1.181520429E-02  7.349474898E-02 -3.322852955E-01 
       725 -2.875566918E-01  7.369108014E-02 -3.902402875E-01 
       726 -1.574097380E-02  7.377115477E-02 -3.347400711E-01 
       727 -2.843347847E-01  7.398154651E-02 -3.918435777E-01 
       728 -1.966577445E-02  7.404153467E-02 -3.371733987E-01 
       729 -2.810953400E-01  7.426441906E-02 -3.933679486E-01 
       730 -2.358936414E-02  7.430580195E-02 -3.395842821E-01 
       731 -2.778385575E-01  7.453965391E-02 -3.948140315E-01 
       732 -2.751150085E-02  7.456387103E-02 -3.419716742E-01 
       733 -2.745646383E-01  7.480720842E-02 -3.961824365E-01 
       734 -3.143194262E-02  7.481565754E-02 -3.443345000E-01 
       735 -3.535044764E-02  7.506107834E-02 -3.466716666E-01 
       736 -2.712737842E-01  7.506704127E-02 -3.974737545E-01 
       737 -3.926677417E-02  7.530005162E-02 -3.489820693E-01 
       738 -2.679661982E-01  7.531911247E-02 -3.986885593E-01 
       739 -4.318068064E-02  7.553249691E-02 -3.512645936E-01 
       740 -2.646420844E-01  7.556338339E-02 -3.998274097E-01 
       741 -4.709192562E-02  7.575833515E-02 -3.535181156E-01 
       742 -2.613016479E-01  7.579981684E-02 -4.008908512E-01 
       743 -5.100026784E-02  7.597748873E-02 -3.557415071E-01 
       744 -2.579450947E-01  7.602837705E-02 -4.018794178E-01 
       745 -5.490546621E-02  7.618988154E-02 -3.579336383E-01 
       746 -2.545726319E-01  7.624902976E-02 -4.027936341E-01 
       747 -5.880727983E-02  7.639543904E-02 -3.600933810E-01 
       748 -2.511844675E-01  7.646174221E-02 -4.036340167E-01 
       749 -6.270546802E-02  7.659408826E-02 -3.622196124E-01 
       750 -2.477808106E-01  7.666648321E-02 -4.044010758E-01 
       751 -6.659979031E-02  7.678575788E-02 -3.643112201E-01 
       752 -2.443618710E-01  7.686322316E-02 -4.050953172E-01 
       753 -7.049000648E-02  7.697037826E-02 -3.663671060E-01 
       754 -2.409278598E-01  7.705193408E-02 -4.057172436E-01 
       755 -7.437587656E-02  7.714788148E-02 -3.683861919E-01 
       756 -2.374789886E-01  7.723258967E-02 -4.062673560E-01 
       757 -7.825716083E-02  7.731820137E-02 -3.703674243E-01 
       758 -2.340154704E-01  7.740516529E-02 -4.067461552E-01 
       759 -8.213361989E-02  7.748127357E-02 -3.723097781E-01 
       760 -2.305375188E-01  7.756963807E-02 -4.071541433E-01 
       761 -8.600501461E-02  7.763703555E-02 -3.742122507E-01 
       762 -2.270453482E-01  7.772598686E-02 -4.074918250E-01 
       763 -8.987110617E-02  7.778542663E-02 -3.760738406E-01 
       764 -2.235391742E-01  7.787419232E-02 -4.077597086E-01 
       765 -9.373165610E-02  7.792638804E-02 -3.778933885E-01 
       766 -2.200192130E-01  7.801423692E-02 -4.079583076E-01 
       767 -9.758642624E-02  7.805986293E-02 -3.796697816E-01 
       768 -2.164856817E-01  7.814610499E-02 -4.080881415E-01 
       769 -1.014351788E-01  7.818579643E-02 -3.813993003E-01 
       770 -2.129387984E-01  7.826978273E-02 -4.081497374E-01 
       771 -1.052776764E-01  7.830413561E-02 -3.830787423E-01 
       772 -2.093787818E-01  7.838525824E-02 -4.081436304E-01 
       773 -1.091136820E-01  7.841482959E-02 -3.847086575E-01 
       774 -2.058058515E-01  7.849252156E-02 -4.080703652E-01 
       775 -1.129429589E-01  7.851782949E-02 -3.862898398E-01 
       776 -2.022202280E-01  7.859156468E-02 -4.079304967E-01 
       777 -1.167652710E-01  7.861308850E-02 -3.878225624E-01 
       778 -1.986221323E-01  7.868238155E-02 -4.077245907E-01 
       779 -1.205803825E-01  7.870056188E-02 -3.893065086E-01 
       780 -1.950117866E-01  7.876496817E-02 -4.074532254E-01 
       781 -1.243880579E-01  7.878020696E-02 -3.907409762E-01 
       782 -1.913894134E-01  7.883932250E-02 -4.071169917E-01 
       783 -1.281880625E-01  7.885198319E-02 -3.921250918E-01 
       784 -1.877552363E-01  7.890544459E-02 -4.067164942E-01 
       785 -1.319801619E-01  7.891585214E-02 -3.934578798E-01 
       786 -1.841094795E-01  7.896333654E-02 -4.062523519E-01 
       787 -1.357641220E-01  7.897177751E-02 -3.947384703E-01 
       788 -1.804523677E-01  7.901300250E-02 -4.057251986E-01 
       789 -1.395397096E-01  7.901972512E-02 -3.959659971E-01 
       790 -1.767841266E-01  7.905444875E-02 -4.051356842E-01 
       791 -1.433066916E-01  7.905966296E-02 -3.971395168E-01 
       792 -1.731049826E-01  7.908768365E-02 -4.044844745E-01 
       793 -1.470648357E-01  7.909156116E-02 -3.982581677E-01 
       794 -1.694151625E-01  7.911271771E-02 -4.037722523E-01 
       795 -1.508139101E-01  7.911539202E-02 -3.993211074E-01 
       796 -1.657148940E-01  7.912956353E-02 -4.029997179E-01 
       797 -1.545536836E-01  7.913112999E-02 -4.003275185E-01 
       798 -1.620044053E-01  7.913823589E-02 -4.021675897E-01 
       799 -1.582839253E-01  7.913875168E-02 -4.012766045E-01 
