nodenumber     x-coordinate     y-coordinate pressure-coefficient 
         1 -2.809555191E-01 -4.228343700E-02 -8.856107143E-01 
         2 -2.841949771E-01 -4.228279136E-02 -8.972668575E-01 
         3 -2.776987240E-01 -4.227986010E-02 -8.741472697E-01 
         4 -2.874168984E-01 -4.227785207E-02 -9.091188180E-01 
         5 -2.744247927E-01 -4.227213121E-02 -8.628734356E-01 
         6 -2.906210840E-01 -4.226854750E-02 -9.211697478E-01 
         7 -2.711339273E-01 -4.226032024E-02 -8.517861519E-01 
         8 -2.938073365E-01 -4.225480565E-02 -9.334228353E-01 
         9 -2.678263307E-01 -4.224449632E-02 -8.408823844E-01 
        10 -2.969754592E-01 -4.223655415E-02 -9.458813083E-01 
        11 -2.645022068E-01 -4.222472783E-02 -8.301591226E-01 
        12 -3.001252568E-01 -4.221372045E-02 -9.585484381E-01 
        13 -2.611617609E-01 -4.220108223E-02 -8.196133777E-01 
        14 -3.032565350E-01 -4.218623182E-02 -9.714275421E-01 
        15 -2.578051988E-01 -4.217362604E-02 -8.092421806E-01 
        16 -3.063691006E-01 -4.215401549E-02 -9.845219865E-01 
        17 -2.544327276E-01 -4.214242478E-02 -7.990425808E-01 
        18 -3.094627616E-01 -4.211699873E-02 -9.978351925E-01 
        19 -2.510445554E-01 -4.210754286E-02 -7.890116446E-01 
        20 -3.125373273E-01 -4.207510895E-02 -1.011370641E+00 
        21 -2.476408912E-01 -4.206904358E-02 -7.791464548E-01 
        22 -3.155926080E-01 -4.202827378E-02 -1.025131877E+00 
        23 -2.442219449E-01 -4.202698903E-02 -7.694441093E-01 
        24 -2.407879273E-01 -4.198144004E-02 -7.599017193E-01 
        25 -3.186284153E-01 -4.197642118E-02 -1.039122515E+00 
        26 -2.373390504E-01 -4.193245617E-02 -7.505164083E-01 
        27 -3.216445619E-01 -4.191947954E-02 -1.053346249E+00 
        28 -2.338755268E-01 -4.188009561E-02 -7.412853120E-01 
        29 -3.246408618E-01 -4.185737776E-02 -1.067806853E+00 
        30 -2.303975702E-01 -4.182441517E-02 -7.322055771E-01 
        31 -3.276171302E-01 -4.179004533E-02 -1.082508193E+00 
        32 -2.269053952E-01 -4.176547022E-02 -7.232743611E-01 
        33 -3.305731835E-01 -4.171741250E-02 -1.097454234E+00 
        34 -2.233992171E-01 -4.170331470E-02 -7.144888315E-01 
        35 -3.335088394E-01 -4.163941028E-02 -1.112649055E+00 
        36 -2.198792522E-01 -4.163800103E-02 -7.058461659E-01 
        37 -2.163457176E-01 -4.156958013E-02 -6.973435518E-01 
        38 -3.364239169E-01 -4.155597060E-02 -1.128096857E+00 
        39 -2.127988314E-01 -4.149810136E-02 -6.889781861E-01 
        40 -3.393182361E-01 -4.146702641E-02 -1.143801977E+00 
        41 -2.092388122E-01 -4.142361255E-02 -6.807472756E-01 
        42 -3.421916186E-01 -4.137251171E-02 -1.159768903E+00 
        43 -2.056658797E-01 -4.134615994E-02 -6.726480369E-01 
        44 -3.450438871E-01 -4.127236172E-02 -1.176002278E+00 
        45 -2.020802543E-01 -4.126578817E-02 -6.646776969E-01 
        46 -1.984821572E-01 -4.118254033E-02 -6.568334926E-01 
        47 -3.478748658E-01 -4.116651292E-02 -1.192506903E+00 
        48 -1.948718102E-01 -4.109645789E-02 -6.491126714E-01 
        49 -3.506843800E-01 -4.105490318E-02 -1.209287714E+00 
        50 -1.912494362E-01 -4.100758073E-02 -6.415124908E-01 
        51 -3.534722565E-01 -4.093747183E-02 -1.226349732E+00 
        52 -1.876152585E-01 -4.091594717E-02 -6.340302201E-01 
        53 -1.839695013E-01 -4.082159393E-02 -6.266631405E-01 
        54 -3.562383233E-01 -4.081415972E-02 -1.243697946E+00 
        55 -1.803123896E-01 -4.072455620E-02 -6.194085458E-01 
        56 -3.589824098E-01 -4.068490938E-02 -1.261337158E+00 
        57 -1.766441488E-01 -4.062486760E-02 -6.122637431E-01 
        58 -3.617043469E-01 -4.054966505E-02 -1.279271220E+00 
        59 -1.729650054E-01 -4.052256027E-02 -6.052260538E-01 
        60 -1.692751861E-01 -4.041766483E-02 -5.982928137E-01 
        61 -3.644039666E-01 -4.040837276E-02 -1.297503819E+00 
        62 -1.655749186E-01 -4.031021044E-02 -5.914613748E-01 
        63 -3.670811026E-01 -4.026098045E-02 -1.316037208E+00 
        64 -1.618644313E-01 -4.020022485E-02 -5.847291056E-01 
        65 -3.697355896E-01 -4.010743803E-02 -1.334877023E+00 
        66 -1.581439529E-01 -4.008773440E-02 -5.780933922E-01 
        67 -1.544137129E-01 -3.997276409E-02 -5.715516396E-01 
        68 -3.723672640E-01 -3.994769744E-02 -1.354031946E+00 
        69 -1.506739415E-01 -3.985533762E-02 -5.651012726E-01 
        70 -3.749759635E-01 -3.978171275E-02 -1.373509781E+00 
        71 -1.469248693E-01 -3.973547741E-02 -5.587397368E-01 
        72 -1.431667276E-01 -3.961320470E-02 -5.524644999E-01 
        73 -3.775615273E-01 -3.960944022E-02 -1.393319237E+00 
        74 -1.393997483E-01 -3.948853954E-02 -5.462730532E-01 
        75 -3.801237959E-01 -3.943083838E-02 -1.413468618E+00 
        76 -1.356241636E-01 -3.936150092E-02 -5.401629123E-01 
        77 -3.826626113E-01 -3.924586808E-02 -1.433966315E+00 
        78 -1.318402065E-01 -3.923210675E-02 -5.341316186E-01 
        79 -1.280481104E-01 -3.910037398E-02 -5.281767408E-01 
        80 -3.851778170E-01 -3.905449256E-02 -1.454820782E+00 
        81 -1.242481093E-01 -3.896631865E-02 -5.222958761E-01 
        82 -3.876692579E-01 -3.885667754E-02 -1.476040688E+00 
        83 -1.204404374E-01 -3.882995593E-02 -5.164866513E-01 
        84 -1.166253297E-01 -3.869130022E-02 -5.107467246E-01 
        85 -3.901367804E-01 -3.865239121E-02 -1.497634986E+00 
        86 -1.128030216E-01 -3.855036520E-02 -5.050737867E-01 
        87 -3.925802323E-01 -3.844160436E-02 -1.519613068E+00 
        88 -1.089737487E-01 -3.840716392E-02 -4.994655625E-01 
        89 -1.051377474E-01 -3.826170883E-02 -4.939198130E-01 
        90 -3.949994630E-01 -3.822429040E-02 -1.541983924E+00 
        91 -1.012952542E-01 -3.811401193E-02 -4.884343382E-01 
        92 -3.973943233E-01 -3.800042538E-02 -1.564755600E+00 
        93 -9.744650610E-02 -3.796408475E-02 -4.830069809E-01 
        94 -9.359174061E-02 -3.781193850E-02 -4.776356361E-01 
        95 -3.997646656E-01 -3.776998809E-02 -1.587936677E+00 
        96 -8.973119547E-02 -3.765758413E-02 -4.723182663E-01 
        97 -4.021103438E-01 -3.753296007E-02 -1.611537211E+00 
        98 -8.586510882E-02 -3.750103237E-02 -4.670529392E-01 
        99 -8.199371913E-02 -3.734229385E-02 -4.618378570E-01 
       100 -4.044312132E-01 -3.728932565E-02 -1.635567655E+00 
       101 -7.811726521E-02 -3.718137916E-02 -4.566715374E-01 
       102 -4.067271309E-01 -3.703907200E-02 -1.660037154E+00 
       103 -7.423598617E-02 -3.701829894E-02 -4.515521247E-01 
       104 -7.035012144E-02 -3.685306392E-02 -4.464767787E-01 
       105 -4.089979552E-01 -3.678218913E-02 -1.684957272E+00 
       106 -6.645991072E-02 -3.668568504E-02 -4.414432221E-01 
       107 -4.112435462E-01 -3.651866998E-02 -1.710342699E+00 
       108 -6.256559396E-02 -3.651617351E-02 -4.364500179E-01 
       109 -5.866741139E-02 -3.634454085E-02 -4.314955503E-01 
       110 -4.134637655E-01 -3.624851037E-02 -1.736208570E+00 
       111 -5.476560346E-02 -3.617079903E-02 -4.265781650E-01 
       112 -5.086041086E-02 -3.599496049E-02 -4.216962780E-01 
       113 -4.156584762E-01 -3.597170909E-02 -1.762565396E+00 
       114 -4.695207449E-02 -3.581703823E-02 -4.168483479E-01 
       115 -4.178275431E-01 -3.568826788E-02 -1.789425431E+00 
       116 -4.304083541E-02 -3.563704586E-02 -4.120328869E-01 
       117 -3.912693491E-02 -3.545499769E-02 -4.072484606E-01 
       118 -4.199708326E-01 -3.539819144E-02 -1.816801891E+00 
       119 -3.521061439E-02 -3.527090879E-02 -4.024936890E-01 
       120 -4.220882125E-01 -3.510148749E-02 -1.844709797E+00 
       121 -3.129211545E-02 -3.508479505E-02 -3.977672479E-01 
       122 -2.737167978E-02 -3.489667322E-02 -3.930678696E-01 
       123 -4.241795525E-01 -3.479816672E-02 -1.873190157E+00 
       124 -2.344954923E-02 -3.470656099E-02 -3.883943436E-01 
       125 -1.952596572E-02 -3.451447704E-02 -3.837455172E-01 
       126 -4.262447235E-01 -3.448824283E-02 -1.902283034E+00 
       127 -1.560117128E-02 -3.432044110E-02 -3.791202961E-01 
       128 -4.282835985E-01 -3.417173254E-02 -1.932005287E+00 
       129 -1.167540801E-02 -3.412447397E-02 -3.745176448E-01 
       130 -7.748918070E-03 -3.392659759E-02 -3.699365869E-01 
       131 -4.302960518E-01 -3.384865556E-02 -1.962366693E+00 
       132 -3.821943655E-03 -3.372683506E-02 -3.653762051E-01 
       133  1.052729985E-04 -3.352521073E-02 -3.608356416E-01 
       134 -4.322819594E-01 -3.351903461E-02 -1.993376084E+00 
       135  4.032489642E-03 -3.332175014E-02 -3.563140981E-01 
       136 -4.342411991E-01 -3.318289542E-02 -2.025037972E+00 
       137  7.959464029E-03 -3.311648017E-02 -3.518108357E-01 
       138  1.188595393E-02 -3.290942895E-02 -3.473251747E-01 
       139 -4.361736502E-01 -3.284026667E-02 -2.057346133E+00 
       140  1.581171713E-02 -3.270062597E-02 -3.428564945E-01 
       141 -4.380791937E-01 -3.249118006E-02 -2.090340870E+00 
       142  1.973651149E-02 -3.249010207E-02 -3.384042333E-01 
       143  2.366009490E-02 -3.227788943E-02 -3.339678874E-01 
       144 -4.399577124E-01 -3.213567023E-02 -2.124071251E+00 
       145  2.758222534E-02 -3.206402162E-02 -3.295470113E-01 
       146  3.150266087E-02 -3.184853359E-02 -3.251412168E-01 
       147 -4.418090905E-01 -3.177377476E-02 -2.158542157E+00 
       148  3.542115968E-02 -3.163146168E-02 -3.207501722E-01 
       149  3.933748004E-02 -3.141284360E-02 -3.163736018E-01 
       150 -4.436332142E-01 -3.140553417E-02 -2.193765145E+00 
       151  4.325138039E-02 -3.119271845E-02 -3.120112848E-01 
       152 -4.454299711E-01 -3.103099185E-02 -2.229762541E+00 
       153  4.716261930E-02 -3.097112670E-02 -3.076630543E-01 
       154  5.107095550E-02 -3.074811018E-02 -3.033287956E-01 
       155 -4.471992509E-01 -3.065019411E-02 -2.266558800E+00 
       156  5.497614792E-02 -3.052371204E-02 -2.990084444E-01 
       157  5.887795568E-02 -3.029797677E-02 -2.947019839E-01 
       158 -4.489409446E-01 -3.026319007E-02 -2.304179547E+00 
       159  6.277613807E-02 -3.007095014E-02 -2.904094414E-01 
       160 -4.506549452E-01 -2.987003169E-02 -2.342650420E+00 
       161  6.667045467E-02 -2.984267918E-02 -2.861308834E-01 
       162  7.056066524E-02 -2.961321216E-02 -2.818664117E-01 
       163 -4.523411473E-01 -2.947077371E-02 -2.381996776E+00 
       164  7.444652982E-02 -2.938259853E-02 -2.776161607E-01 
       165  7.832780872E-02 -2.915088889E-02 -2.733802977E-01 
       166 -4.539994472E-01 -2.906547362E-02 -2.422257315E+00 
       167  8.220426253E-02 -2.891813497E-02 -2.691590299E-01 
       168  8.607565212E-02 -2.868438951E-02 -2.649526110E-01 
       169 -4.556297433E-01 -2.865419165E-02 -2.463489583E+00 
       170  8.994173870E-02 -2.844970629E-02 -2.607613397E-01 
       171 -4.572319352E-01 -2.823699066E-02 -2.505753488E+00 
       172  9.380228379E-02 -2.821414004E-02 -2.565855563E-01 
       173  9.765704926E-02 -2.797774635E-02 -2.524256368E-01 
       174 -4.588059247E-01 -2.781393621E-02 -2.549102539E+00 
       175  1.015057973E-01 -2.774058167E-02 -2.482819898E-01 
       176  1.053482906E-01 -2.750270321E-02 -2.441550539E-01 
       177 -4.603516152E-01 -2.738509642E-02 -2.593583398E+00 
       178  1.091842920E-01 -2.726416886E-02 -2.400452948E-01 
       179  1.130135650E-01 -2.702503715E-02 -2.359532038E-01 
       180 -4.618689120E-01 -2.695054198E-02 -2.639236586E+00 
       181  1.168358733E-01 -2.678536716E-02 -2.318792952E-01 
       182  1.206509812E-01 -2.654521845E-02 -2.278241048E-01 
       183 -4.633577221E-01 -2.651034608E-02 -2.686097300E+00 
       184  1.244586533E-01 -2.630465098E-02 -2.237881871E-01 
       185 -4.648179542E-01 -2.606458441E-02 -2.734198889E+00 
       186  1.282586548E-01 -2.606372506E-02 -2.197721143E-01 
       187  1.320507513E-01 -2.582250119E-02 -2.157764739E-01 
       188 -4.662495191E-01 -2.561333503E-02 -2.783577371E+00 
       189  1.358347088E-01 -2.558104008E-02 -2.118018668E-01 
       190  1.396102940E-01 -2.533940250E-02 -2.078489058E-01 
       191 -4.676523292E-01 -2.515667842E-02 -2.834271323E+00 
       192  1.433772739E-01 -2.509764921E-02 -2.039182140E-01 
       193  1.471354162E-01 -2.485584089E-02 -2.000104232E-01 
       194 -4.690262988E-01 -2.469469736E-02 -2.886332509E+00 
       195  1.508844890E-01 -2.461403802E-02 -1.961261725E-01 
       196  1.546242611E-01 -2.437230085E-02 -1.922661080E-01 
       197 -4.703713441E-01 -2.422747690E-02 -2.939779346E+00 
       198  1.583545019E-01 -2.413068924E-02 -1.884308820E-01 
       199  1.620749812E-01 -2.388926265E-02 -1.846211537E-01 
       200 -4.716873831E-01 -2.375510432E-02 -2.994279377E+00 
       201  1.657854695E-01 -2.364807998E-02 -1.808375904E-01 
       202  1.694857379E-01 -2.340719956E-02 -1.770808720E-01 
       203 -4.729743357E-01 -2.327766908E-02 -3.049637825E+00 
       204  1.731755583E-01 -2.316667898E-02 -1.733516977E-01 
       205  1.768547029E-01 -2.292657508E-02 -1.696508004E-01 
       206 -4.742321237E-01 -2.279526273E-02 -3.106195222E+00 
       207  1.805229448E-01 -2.268694384E-02 -1.659789715E-01 
       208  1.841800578E-01 -2.244784026E-02 -1.623371073E-01 
       209 -4.754606707E-01 -2.230797890E-02 -3.164263372E+00 
       210  1.878258163E-01 -2.220931835E-02 -1.587262883E-01 
       211  1.914599954E-01 -2.197143100E-02 -1.551479109E-01 
       212 -4.766599024E-01 -2.181591324E-02 -3.223944876E+00 
       213  1.950823709E-01 -2.173422991E-02 -1.516038480E-01 
       214  1.986927193E-01 -2.149776553E-02 -1.480965731E-01 
       215 -4.778297463E-01 -2.131916334E-02 -3.285248141E+00 
       216  2.022908180E-01 -2.126208698E-02 -1.446282366E-01 
       217  2.058764450E-01 -2.102724198E-02 -1.412006292E-01 
       218 -4.789701319E-01 -2.081782867E-02 -3.348163163E+00 
       219  2.094493792E-01 -2.079327678E-02 -1.378048454E-01 
       220  2.130094000E-01 -2.056023610E-02 -1.344378927E-01 
       221  2.165562880E-01 -2.032816305E-02 -1.311052591E-01 
       222 -4.800809906E-01 -2.031201057E-02 -3.412675163E+00 
       223  2.200898243E-01 -2.009709913E-02 -1.278054979E-01 
       224  2.236097910E-01 -1.986708409E-02 -1.245383917E-01 
       225 -4.811622558E-01 -1.980181214E-02 -3.478761566E+00 
       226  2.271159710E-01 -1.963815595E-02 -1.213037293E-01 
       227  2.306081479E-01 -1.941035092E-02 -1.181014710E-01 
       228 -4.822138630E-01 -1.928733819E-02 -3.546385861E+00 
       229  2.340861063E-01 -1.918370335E-02 -1.149316845E-01 
       230  2.375496317E-01 -1.895824572E-02 -1.117945229E-01 
       231 -4.832357497E-01 -1.876869521E-02 -3.615493460E+00 
       232  2.409985105E-01 -1.873400857E-02 -1.086901693E-01 
       233  2.444325298E-01 -1.851102051E-02 -1.056187416E-01 
       234  2.478514780E-01 -1.828930814E-02 -1.025801836E-01 
       235 -4.842278553E-01 -1.824599126E-02 -3.686007097E+00 
       236  2.512551440E-01 -1.806889608E-02 -9.957417363E-02 
       237  2.546433179E-01 -1.784980692E-02 -9.659993363E-02 
       238 -4.851901214E-01 -1.771933594E-02 -3.757821557E+00 
       239  2.580157908E-01 -1.763206122E-02 -9.365600212E-02 
       240  2.613723545E-01 -1.741567749E-02 -9.074006925E-02 
       241  2.647128020E-01 -1.720067219E-02 -8.784985710E-02 
       242 -4.861224917E-01 -1.718884030E-02 -3.830797418E+00 
       243  2.680369273E-01 -1.698705974E-02 -8.498794450E-02 
       244  2.713445253E-01 -1.677485251E-02 -8.215736034E-02 
       245 -4.870249120E-01 -1.665461676E-02 -3.904753620E+00 
       246  2.746353920E-01 -1.656406086E-02 -7.935729813E-02 
       247  2.779093243E-01 -1.635469310E-02 -7.658702759E-02 
       248  2.811661204E-01 -1.614675557E-02 -7.384586407E-02 
       249 -4.878973302E-01 -1.611677908E-02 -3.979458691E+00 
       250  2.844055793E-01 -1.594025261E-02 -7.113315007E-02 
       251  2.876275012E-01 -1.573518663E-02 -6.844826723E-02 
       252 -4.887396965E-01 -1.557544221E-02 -4.054620441E+00 
       253  2.908316873E-01 -1.553155814E-02 -6.579063919E-02 
       254  2.940179401E-01 -1.532936574E-02 -6.315959586E-02 
       255  2.971860628E-01 -1.512860623E-02 -6.055439106E-02 
       256 -4.895519630E-01 -1.503072226E-02 -4.129873931E+00 
       257  3.003358602E-01 -1.492927461E-02 -5.797324119E-02 
       258  3.034671379E-01 -1.473136414E-02 -5.541455255E-02 
       259  3.065797028E-01 -1.453486641E-02 -5.287798103E-02 
       260 -4.903340845E-01 -1.448273637E-02 -4.204767696E+00 
       261  3.096733628E-01 -1.433977139E-02 -5.036292943E-02 
       262  3.127479271E-01 -1.414606747E-02 -4.786857452E-02 
       263  3.158032061E-01 -1.395374158E-02 -4.539412915E-02 
       264 -4.910860176E-01 -1.393160262E-02 -4.278748109E+00 
       265  3.188390113E-01 -1.376277921E-02 -4.293883557E-02 
       266  3.218551554E-01 -1.357316450E-02 -4.050211208E-02 
       267  3.248514524E-01 -1.338488034E-02 -3.808336880E-02 
       268 -4.918077214E-01 -1.337743994E-02 -4.351141891E+00 
       269  3.278277174E-01 -1.319790841E-02 -3.568252099E-02 
       270  3.307837669E-01 -1.301222929E-02 -3.329859912E-02 
       271  3.337194185E-01 -1.282782256E-02 -3.092750622E-02 
       272 -4.924991571E-01 -1.282036795E-02 -4.421139793E+00 
       273  3.366344910E-01 -1.264466683E-02 -2.856576647E-02 
       274  3.395288048E-01 -1.246273992E-02 -2.621194781E-02 
       275  3.424021812E-01 -1.228201887E-02 -2.386398161E-02 
       276 -4.931602885E-01 -1.226050688E-02 -4.487765728E+00 
       277  3.452544430E-01 -1.210248007E-02 -2.152040997E-02 
       278  3.480854143E-01 -1.192409938E-02 -1.918177243E-02 
       279  3.508949204E-01 -1.174685218E-02 -1.684815747E-02 
       280 -4.937910812E-01 -1.169797735E-02 -4.549868639E+00 
       281  3.536827880E-01 -1.157071352E-02 -1.452116123E-02 
       282  3.564488452E-01 -1.139565819E-02 -1.220628693E-02 
       283  3.591929213E-01 -1.122166081E-02 -9.901935583E-03 
       284 -4.943915036E-01 -1.113290031E-02 -4.606112145E+00 
       285  3.619148470E-01 -1.104869598E-02 -7.599900903E-03 
       286  3.646144545E-01 -1.087673833E-02 -5.295955515E-03 
       287  3.672915772E-01 -1.070576267E-02 -2.987973026E-03 
       288 -4.949615259E-01 -1.056539681E-02 -4.654956341E+00 
       289  3.699460499E-01 -1.053574405E-02 -6.736289833E-04 
       290  3.725777090E-01 -1.036665790E-02  1.649204060E-03 
       291  3.751863921E-01 -1.019848011E-02  3.982563767E-03 
       292  3.777719382E-01 -1.003118712E-02  6.328401033E-03 
       293 -4.955011205E-01 -9.995587829E-03 -4.694654310E+00 
       294  3.803341879E-01 -9.864756047E-03  8.688586079E-03 
       295  3.828729831E-01 -9.699164780E-03  1.106490758E-02 
       296  3.853881673E-01 -9.534392054E-03  1.345904027E-02 
       297 -4.960102619E-01 -9.423594105E-03 -4.723259489E+00 
       298  3.878795852E-01 -9.370417565E-03  1.587255685E-02 
       299  3.903470832E-01 -9.207222054E-03  1.830666516E-02 
       300  3.927905090E-01 -9.044787401E-03  2.076246862E-02 
       301  3.952097120E-01 -8.883096711E-03  2.323969643E-02 
       302 -4.964889266E-01 -8.849535940E-03 -4.738624310E+00 
       303  3.976045429E-01 -8.722134400E-03  2.573809259E-02 
       304  3.999748540E-01 -8.561886278E-03  2.826235581E-02 
       305  4.023204990E-01 -8.402339624E-03  3.081760442E-02 
       306 -4.969370928E-01 -8.273533011E-03 -4.738498867E+00 
       307  4.046413334E-01 -8.243483268E-03  3.340679036E-02 
       308  4.069372138E-01 -8.085307655E-03  3.603386529E-02 
       309  4.092079987E-01 -7.927804919E-03  3.870277249E-02 
       310  4.114535480E-01 -7.770968945E-03  4.141825143E-02 
       311 -4.973547399E-01 -7.695704193E-03 -4.720980304E+00 
       312  4.136737233E-01 -7.614795430E-03  4.417997759E-02 
       313  4.158683874E-01 -7.459281938E-03  4.698638695E-02 
       314  4.180374052E-01 -7.304427951E-03  4.983993082E-02 
       315  4.201806426E-01 -7.150234916E-03  5.274243939E-02 
       316 -4.977418488E-01 -7.116167409E-03 -4.684387310E+00 
       317  4.222979677E-01 -6.996706288E-03  5.569586344E-02 
       318  4.243892497E-01 -6.843847566E-03  5.870215937E-02 
       319  4.264543597E-01 -6.691666328E-03  6.176330305E-02 
       320  4.284931702E-01 -6.540172254E-03  6.488128663E-02 
       321 -4.980984012E-01 -6.535039523E-03 -4.626544389E+00 
       322  4.305055555E-01 -6.389377151E-03  6.805812435E-02 
       323  4.324913915E-01 -6.239294973E-03  7.129586135E-02 
       324  4.344505557E-01 -6.089941825E-03  7.459658214E-02 
       325 -4.984243793E-01 -5.952436284E-03 -4.545027064E+00 
       326  4.363829272E-01 -5.941335978E-03  7.796240043E-02 
       327  4.382883868E-01 -5.793497865E-03  8.139543028E-02 
       328  4.401668170E-01 -5.646450079E-03  8.489768341E-02 
       329  4.420181019E-01 -5.500217365E-03  8.847099771E-02 
       330 -4.987197652E-01 -5.368472357E-03 -4.438549895E+00 
       331  4.438421274E-01 -5.354826600E-03  9.211708651E-02 
       332  4.456387809E-01 -5.210306781E-03  9.583743790E-02 
       333  4.474079516E-01 -5.066688992E-03  9.963337923E-02 
       334  4.491495303E-01 -4.924006380E-03  1.035062626E-01 
       335 -4.989845407E-01 -4.783261450E-03 -4.306658015E+00 
       336  4.508634097E-01 -4.782294114E-03  1.074574667E-01 
       337  4.525494840E-01 -4.641589348E-03  1.114884014E-01 
       338  4.542076493E-01 -4.501931171E-03  1.156005057E-01 
       339  4.558378032E-01 -4.363360562E-03  1.197952513E-01 
       340  4.574398452E-01 -4.225920329E-03  1.240741421E-01 
       341 -4.992186867E-01 -4.196916561E-03 -4.148969314E+00 
       342  4.590136765E-01 -4.089655051E-03  1.284387185E-01 
       343  4.605592000E-01 -3.954611013E-03  1.328905709E-01 
       344  4.620763204E-01 -3.820836135E-03  1.374313356E-01 
       345  4.635649442E-01 -3.688379899E-03  1.420626845E-01 
       346 -4.994221829E-01 -3.609550355E-03 -3.965435725E+00 
       347  4.650249794E-01 -3.557293273E-03  1.467863109E-01 
       348  4.664563360E-01 -3.427628623E-03  1.516039063E-01 
       349  4.678589258E-01 -3.299439636E-03  1.565171034E-01 
       350  4.692326623E-01 -3.172781220E-03  1.615275411E-01 
       351  4.705774607E-01 -3.047709421E-03  1.666368602E-01 
       352 -4.995950072E-01 -3.021275665E-03 -3.755875570E+00 
       353  4.718932381E-01 -2.924281320E-03  1.718466735E-01 
       354  4.731799133E-01 -2.802554937E-03  1.771586439E-01 
       355  4.744374069E-01 -2.682589125E-03  1.825745132E-01 
       356  4.756656415E-01 -2.564443471E-03  1.880961388E-01 
       357  4.768645413E-01 -2.448178185E-03  1.937255131E-01 
       358 -4.997371359E-01 -2.432206113E-03 -3.519354880E+00 
       359  4.780340323E-01 -2.333853992E-03  1.994647758E-01 
       360  4.791740423E-01 -2.221532021E-03  2.053162484E-01 
       361  4.802845012E-01 -2.111273691E-03  2.112824706E-01 
       362  4.813653404E-01 -2.003140599E-03  2.173662169E-01 
       363  4.824164932E-01 -1.897194404E-03  2.235705654E-01 
       364 -4.998485437E-01 -1.842456810E-03 -3.258949356E+00 
       365  4.834378949E-01 -1.793496712E-03  2.298989185E-01 
       366  4.844294824E-01 -1.692108956E-03  2.363551240E-01 
       367  4.853911945E-01 -1.593092283E-03  2.429437768E-01 
       368  4.863229721E-01 -1.496507437E-03  2.496691688E-01 
       369  4.872247575E-01 -1.402414637E-03  2.565365075E-01 
       370  4.880964953E-01 -1.310873469E-03  2.635527066E-01 
       371 -4.999292034E-01 -1.252145090E-03 -2.981316629E+00 
       372  4.889381316E-01 -1.221942762E-03  2.707253945E-01 
       373  4.897496145E-01 -1.135680481E-03  2.780635131E-01 
       374  4.905308940E-01 -1.052143608E-03  2.855778323E-01 
       375  4.912819220E-01 -9.713880336E-04  2.932805660E-01 
       376  4.920026520E-01 -8.934684447E-04  3.011865335E-01 
       377  4.926930398E-01 -8.184382188E-04  3.093076533E-01 
       378  4.933530426E-01 -7.463493174E-04  3.176581363E-01 
       379  4.939826198E-01 -6.772521824E-04  3.262609988E-01 
       380 -4.999790870E-01 -6.613912113E-04 -2.679262722E+00 
       381  4.945817325E-01 -6.111956365E-04  3.351437571E-01 
       382  4.951503439E-01 -5.482267854E-04  3.443387478E-01 
       383  4.956884189E-01 -4.883909237E-04  3.538834643E-01 
       384  4.961959242E-01 -4.317314444E-04  3.638225037E-01 
       385  4.966728287E-01 -3.782897514E-04  3.742105456E-01 
       386  4.971191028E-01 -3.281051768E-04  3.851156983E-01 
       387  4.975347191E-01 -2.812149012E-04  3.966240065E-01 
       388  4.979196519E-01 -2.376538789E-04  4.088451224E-01 
       389  4.982738775E-01 -1.974547676E-04  4.219241747E-01 
       390  4.985973741E-01 -1.606478618E-04  4.360472948E-01 
       391  4.988901217E-01 -1.272610318E-04  4.514873464E-01 
       392  4.991521022E-01 -9.731966709E-05  4.684651749E-01 
       393  4.993832996E-01 -7.084662507E-05  4.876846888E-01 
       394 -4.999981658E-01 -7.031895022E-05 -2.380987004E+00 
       395  4.995168999E-01 -5.552697142E-05  5.022747369E-01 
       396  4.996402298E-01 -4.137221906E-05  5.194108339E-01 
       397  4.997532896E-01 -2.838400191E-05  5.412975306E-01 
       398  4.998458022E-01 -1.774044188E-05  5.642537162E-01 
       399  4.999503277E-01 -5.714795751E-06  6.229858592E-01 
       400  5.000000000E-01  0.000000000E+00  6.479542409E-01 
       401  4.999514192E-01  1.182802305E-05  6.253955305E-01 
       402  4.998831882E-01  2.844027870E-05  5.741392856E-01 
       403  4.997914711E-01  5.077074005E-05  5.413159963E-01 
       404  4.996751912E-01  7.908150698E-05  5.135037885E-01 
       405  4.995382349E-01  1.124263864E-04  4.909586952E-01 
       406  4.993902438E-01  1.484579331E-04  4.720086189E-01 
       407  4.992445012E-01  1.839420023E-04  4.579078098E-01 
       408  4.990133009E-01  2.401379839E-04  4.421296836E-01 
       409  4.987513170E-01  3.037628594E-04  4.280264070E-01 
       410  4.984585656E-01  3.747928163E-04  4.146833120E-01 
       411  4.981350648E-01  4.532013290E-04  4.021567005E-01 
       412  4.977808346E-01  5.389591884E-04  3.903202960E-01 
       413  4.973958969E-01  6.320345335E-04  3.791014420E-01 
       414 -4.999860106E-01  6.866690384E-04 -2.051371515E+00 
       415  4.969802752E-01  7.323928867E-04  3.684262889E-01 
       416  4.965339954E-01  8.399971914E-04  3.582357116E-01 
       417  4.960570850E-01  9.548078520E-04  3.484797380E-01 
       418  4.955495732E-01  1.076782778E-03  3.391149379E-01 
       419  4.950114915E-01  1.205877428E-03  3.301042359E-01 
       420  4.944428731E-01  1.342044860E-03  3.214164882E-01 
       421 -4.999426014E-01  1.443722647E-03 -1.763008406E+00 
       422  4.938437530E-01  1.485235781E-03  3.130244135E-01 
       423  4.932141681E-01  1.635398598E-03  3.049042869E-01 
       424  4.925541574E-01  1.792479477E-03  2.970355075E-01 
       425  4.918637615E-01  1.956422398E-03  2.894000889E-01 
       426  4.911430230E-01  2.127169217E-03  2.819822522E-01 
       427 -4.998683291E-01  2.200770683E-03 -1.504220732E+00 
       428  4.903919863E-01  2.304659721E-03  2.747680866E-01 
       429  4.896106979E-01  2.488831700E-03  2.677452775E-01 
       430  4.887992058E-01  2.679621007E-03  2.609028694E-01 
       431  4.879575602E-01  2.876961626E-03  2.542311152E-01 
       432 -4.997631854E-01  2.957749701E-03 -1.270591299E+00 
       433  4.870858129E-01  3.080785740E-03  2.477212876E-01 
       434  4.861840178E-01  3.291023803E-03  2.413654961E-01 
       435  4.852522304E-01  3.507604607E-03  2.351566399E-01 
       436 -4.996271646E-01  3.714594803E-03 -1.056980607E+00 
       437  4.842905082E-01  3.730455360E-03  2.290883245E-01 
       438  4.832989106E-01  3.959501755E-03  2.231547625E-01 
       439  4.822774988E-01  4.194668047E-03  2.173506993E-01 
       440  4.812263356E-01  4.435877128E-03  2.116713523E-01 
       441 -4.994602642E-01  4.471239821E-03 -8.558350965E-01 
       442  4.801454860E-01  4.683050604E-03  2.061123591E-01 
       443  4.790350167E-01  4.936108871E-03  2.006697314E-01 
       444  4.778949961E-01  5.194971192E-03  1.953398155E-01 
       445 -4.992624846E-01  5.227617521E-03 -6.645258594E-01 
       446  4.767254945E-01  5.459555776E-03  1.901192566E-01 
       447  4.755265841E-01  5.729779857E-03  1.850049675E-01 
       448 -4.990338297E-01  5.983659848E-03 -4.855119851E-01 
       449  4.742983389E-01  6.005559771E-03  1.799941013E-01 
       450  4.730408346E-01  6.286811033E-03  1.750840264E-01 
       451  4.717541488E-01  6.573448419E-03  1.702723042E-01 
       452 -4.987743067E-01  6.739298163E-03 -3.190714019E-01 
       453  4.704383608E-01  6.865386041E-03  1.655566697E-01 
       454  4.690935519E-01  7.162537427E-03  1.609350144E-01 
       455  4.677198049E-01  7.464815596E-03  1.564053696E-01 
       456 -4.984839259E-01  7.494463489E-03 -1.652251780E-01 
       457  4.663172046E-01  7.772133136E-03  1.519658922E-01 
       458  4.648858376E-01  8.084402282E-03  1.476148521E-01 
       459 -4.981627014E-01  8.249086729E-03 -2.368098301E-02 
       460  4.634257920E-01  8.401534987E-03  1.433506198E-01 
       461  4.619371581E-01  8.723443002E-03  1.391716560E-01 
       462 -4.978106502E-01  9.003098869E-03  1.059668021E-01 
       463  4.604200275E-01  9.050037943E-03  1.350765020E-01 
       464  4.588744940E-01  9.381231368E-03  1.310637711E-01 
       465  4.573006527E-01  9.716934848E-03  1.271321405E-01 
       466 -4.974277928E-01  9.756431144E-03  2.241859127E-01 
       467  4.556986009E-01  1.005706003E-02  1.232803440E-01 
       468  4.540684373E-01  1.040151872E-02  1.195071653E-01 
       469 -4.970141523E-01  1.050901517E-02  3.314795703E-01 
       470  4.524102625E-01  1.075022294E-02  1.158114322E-01 
       471  4.507241788E-01  1.110308497E-02  1.121920107E-01 
       472 -4.965697551E-01  1.126078306E-02  4.283716910E-01 
       473  4.490102901E-01  1.146001747E-02  1.086478001E-01 
       474  4.472687022E-01  1.182093348E-02  1.051777285E-01 
       475 -4.960946301E-01  1.201166748E-02  5.154085506E-01 
       476  4.454995226E-01  1.218574652E-02  1.017807486E-01 
       477  4.437028603E-01  1.255437063E-02  9.845583353E-02 
       478 -4.955888090E-01  1.276160167E-02  5.931739394E-01 
       479  4.418788261E-01  1.292672042E-02  9.520197383E-02 
       480  4.400275327E-01  1.330271115E-02  9.201817420E-02 
       481 -4.950523258E-01  1.351051952E-02  6.622657279E-01 
       482  4.381490942E-01  1.368225874E-02  8.890345032E-02 
       483  4.362436265E-01  1.406527986E-02  8.585682596E-02 
       484 -4.944852168E-01  1.425835552E-02  7.232827184E-01 
       485  4.343112470E-01  1.445169196E-02  8.287733156E-02 
       486  4.323520750E-01  1.484141331E-02  7.996400057E-02 
       487 -4.938875206E-01  1.500504474E-02  7.768168208E-01 
       488  4.303662314E-01  1.523436303E-02  7.711586203E-02 
       489  4.283538387E-01  1.563046117E-02  7.433194183E-02 
       490 -4.932592779E-01  1.575052282E-02  8.234454058E-01 
       491  4.263150209E-01  1.602962869E-02  7.161126572E-02 
       492  4.242499039E-01  1.643178756E-02  6.895285131E-02 
       493 -4.926005314E-01  1.649472592E-02  8.637261435E-01 
       494  4.221586150E-01  1.683686073E-02  6.635574538E-02 
       495 -4.919113258E-01  1.723759067E-02  8.981962643E-01 
       496  4.200412833E-01  1.724477219E-02  6.381902685E-02 
       497  4.178980393E-01  1.765544700E-02  6.134177101E-02 
       498 -4.911917074E-01  1.797905412E-02  9.273781610E-01 
       499  4.157290152E-01  1.806881128E-02  5.892296917E-02 
       500  4.135343449E-01  1.848479230E-02  5.656159992E-02 
       501 -4.904417248E-01  1.871905371E-02  9.517529158E-01 
       502  4.113141637E-01  1.890331839E-02  5.425667822E-02 
       503  4.090686086E-01  1.932431908E-02  5.200718890E-02 
       504 -4.896614279E-01  1.945752720E-02  9.717597205E-01 
       505  4.067978181E-01  1.974772501E-02  4.981211763E-02 
       506  4.045019322E-01  2.017346799E-02  4.767044328E-02 
       507 -4.888508686E-01  2.019441262E-02  9.877963498E-01 
       508  4.021810926E-01  2.060148099E-02  4.558113318E-02 
       509 -4.880101007E-01  2.092964825E-02  1.000247862E+00 
       510  3.998354425E-01  2.103169817E-02  4.354316359E-02 
       511  3.974651265E-01  2.146405485E-02  4.155550040E-02 
       512 -4.871391792E-01  2.166317255E-02  1.009468282E+00 
       513  3.950702908E-01  2.189848750E-02  3.961708318E-02 
       514  3.926510833E-01  2.233493380E-02  3.772686042E-02 
       515 -4.862381614E-01  2.239492413E-02  1.015786110E+00 
       516  3.902076530E-01  2.277333255E-02  3.588377716E-02 
       517 -4.853071057E-01  2.312484175E-02  1.019499899E+00 
       518  3.877401508E-01  2.321362372E-02  3.408676834E-02 
       519  3.852487288E-01  2.365574842E-02  3.233476260E-02 
       520 -4.843460727E-01  2.385286421E-02  1.020869131E+00 
       521  3.827335407E-01  2.409964887E-02  3.062668251E-02 
       522  3.801947417E-01  2.454526842E-02  2.896144548E-02 
       523 -4.833551244E-01  2.457893041E-02  1.020190716E+00 
       524  3.776324883E-01  2.499255148E-02  2.733797468E-02 
       525 -4.823343244E-01  2.530297925E-02  1.017709366E+00 
       526  3.750469387E-01  2.544144355E-02  2.575520612E-02 
       527  3.724382523E-01  2.589189117E-02  2.421206735E-02 
       528 -4.812837383E-01  2.602494966E-02  1.013598167E+00 
       529  3.698065900E-01  2.634384189E-02  2.270746901E-02 
       530 -4.802034331E-01  2.674478053E-02  1.008031929E+00 
       531  3.671521142E-01  2.679724425E-02  2.124032108E-02 
       532  3.644749886E-01  2.725204774E-02  1.980953576E-02 
       533 -4.790934776E-01  2.746241076E-02  1.001181094E+00 
       534  3.617753783E-01  2.770820280E-02  1.841402645E-02 
       535  3.590534499E-01  2.816566073E-02  1.705271009E-02 
       536 -4.779539422E-01  2.817777917E-02  9.932079454E-01 
       537  3.563093713E-01  2.862437371E-02  1.572450723E-02 
       538 -4.767848991E-01  2.889082452E-02  9.842614601E-01 
       539  3.535433117E-01  2.908429473E-02  1.442834277E-02 
       540  3.507554418E-01  2.954537755E-02  1.316314540E-02 
       541 -4.755864222E-01  2.960148552E-02  9.744657943E-01 
       542  3.479459335E-01  3.000757667E-02  1.192784825E-02 
       543 -4.743585871E-01  3.030970075E-02  9.639332650E-01 
       544  3.451149601E-01  3.047084728E-02  1.072138018E-02 
       545  3.422626963E-01  3.093514522E-02  9.542671192E-03 
       546 -4.731014709E-01  3.101540874E-02  9.527651242E-01 
       547  3.393893180E-01  3.140042693E-02  8.390669951E-03 
       548 -4.718151526E-01  3.171854788E-02  9.410509749E-01 
       549  3.364950025E-01  3.186664942E-02  7.264343866E-03 
       550  3.335799282E-01  3.233377019E-02  6.162676217E-03 
       551 -4.704997129E-01  3.241905647E-02  9.288712321E-01 
       552  3.306442751E-01  3.280174720E-02  5.084663919E-03 
       553 -4.691552341E-01  3.311687267E-02  9.162975386E-01 
       554  3.276882241E-01  3.327053882E-02  4.029316350E-03 
       555  3.247119576E-01  3.374010379E-02  2.995655402E-03 
       556 -4.677818004E-01  3.381193453E-02  9.033939632E-01 
       557  3.217156593E-01  3.421040113E-02  1.982716038E-03 
       558 -4.663794975E-01  3.450417995E-02  8.902177457E-01 
       559  3.186995139E-01  3.468139013E-02  9.895471226E-04 
       560  3.156637075E-01  3.515303028E-02  1.521232788E-05 
       561 -4.649484129E-01  3.519354670E-02  8.768200066E-01 
       562  3.126084273E-01  3.562528121E-02 -9.412089619E-04 
       563 -4.634886358E-01  3.587997241E-02  8.632463764E-01 
       564  3.095338619E-01  3.609810265E-02 -1.880620770E-03 
       565 -4.620002570E-01  3.656339457E-02  8.495375494E-01 
       566  3.064402008E-01  3.657145437E-02 -2.803909680E-03 
       567  3.033276350E-01  3.704529611E-02 -3.711944025E-03 
       568 -4.604833693E-01  3.724375050E-02  8.357297866E-01 
       569  3.001963563E-01  3.751958756E-02 -4.605573111E-03 
       570 -4.589380669E-01  3.792097740E-02  8.218553612E-01 
       571  2.970465580E-01  3.799428829E-02 -5.485626435E-03 
       572  2.938784343E-01  3.846935766E-02 -6.352912786E-03 
       573 -4.573644458E-01  3.859501227E-02  8.079429644E-01 
       574  2.906921808E-01  3.894475485E-02 -7.208219136E-03 
       575 -4.557626038E-01  3.926579201E-02  7.940180667E-01 
       576  2.874879938E-01  3.942043871E-02 -8.052308073E-03 
       577  2.842660711E-01  3.989636780E-02 -8.885924266E-03 
       578 -4.541326402E-01  3.993325331E-02  7.801032456E-01 
       579  2.810266114E-01  4.037250027E-02 -9.709744975E-03 
       580 -4.524746562E-01  4.059733273E-02  7.662184794E-01 
       581  2.777698145E-01  4.084879383E-02 -1.052485302E-02 
       582 -4.507887546E-01  4.125796668E-02  7.523814115E-01 
       583  2.744958813E-01  4.132520571E-02 -1.133208749E-02 
       584  2.712050139E-01  4.180169260E-02 -1.213181439E-02 
       585 -4.490750399E-01  4.191509137E-02  7.386075889E-01 
       586  2.678974151E-01  4.227821062E-02 -1.292455532E-02 
       587 -4.473336183E-01  4.256864288E-02  7.249106774E-01 
       588  2.645732890E-01  4.275471523E-02 -1.371078324E-02 
       589 -4.455645975E-01  4.321855714E-02  7.113026545E-01 
       590  2.612328406E-01  4.323116124E-02 -1.449100886E-02 
       591  2.578762760E-01  4.370750272E-02 -1.526573652E-02 
       592 -4.437680871E-01  4.386476989E-02  6.977939832E-01 
       593  2.545038023E-01  4.418369298E-02 -1.603546028E-02 
       594 -4.419441984E-01  4.450721674E-02  6.843937684E-01 
       595  2.511156275E-01  4.465968453E-02 -1.680065260E-02 
       596  2.477119605E-01  4.513542901E-02 -1.756175634E-02 
       597 -4.400930442E-01  4.514583312E-02  6.711098978E-01 
       598  2.442930114E-01  4.561087720E-02 -1.831917384E-02 
       599 -4.382147390E-01  4.578055434E-02  6.579491691E-01 
       600  2.408589910E-01  4.608597895E-02 -1.907326312E-02 
       601 -4.363093989E-01  4.641131553E-02  6.449174039E-01 
       602  2.374101111E-01  4.656068312E-02 -1.982431406E-02 
       603  2.339465846E-01  4.703493763E-02 -2.057255913E-02 
       604 -4.343771419E-01  4.703805168E-02  6.320195509E-01 
       605  2.304686250E-01  4.750868933E-02 -2.131833078E-02 
       606 -4.324180874E-01  4.766069764E-02  6.192597778E-01 
       607  2.269764468E-01  4.798188403E-02 -2.206200345E-02 
       608 -4.304323564E-01  4.827918814E-02  6.066415556E-01 
       609  2.234702655E-01  4.845446648E-02 -2.280387246E-02 
       610 -4.284200718E-01  4.889345774E-02  5.941677328E-01 
       611  2.199502974E-01  4.892638028E-02 -2.354418460E-02 
       612  2.164167596E-01  4.939756794E-02 -2.428312796E-02 
       613 -4.263813578E-01  4.950344090E-02  5.818406037E-01 
       614  2.128698701E-01  4.986797079E-02 -2.502085057E-02 
       615 -4.243163405E-01  5.010907194E-02  5.696619688E-01 
       616  2.093098475E-01  5.033752900E-02 -2.575746443E-02 
       617 -4.222251474E-01  5.071028508E-02  5.576331899E-01 
       618  2.057369117E-01  5.080618154E-02 -2.649304929E-02 
       619  2.021512828E-01  5.127386619E-02 -2.722765360E-02 
       620 -4.201079077E-01  5.130701441E-02  5.457552394E-01 
       621  1.985531822E-01  5.174051950E-02 -2.796129475E-02 
       622 -4.179647523E-01  5.189919394E-02  5.340287447E-01 
       623  1.949428317E-01  5.220607680E-02 -2.869395895E-02 
       624 -4.157958134E-01  5.248675757E-02  5.224540283E-01 
       625  1.913204541E-01  5.267047217E-02 -2.942560106E-02 
       626 -4.136012250E-01  5.306963914E-02  5.110311439E-01 
       627  1.876862728E-01  5.313363848E-02 -3.015614438E-02 
       628  1.840405120E-01  5.359550731E-02 -3.088548038E-02 
       629 -4.113811227E-01  5.364777238E-02  4.997599085E-01 
       630  1.803833965E-01  5.405600904E-02 -3.161346824E-02 
       631 -4.091356436E-01  5.422109099E-02  4.886399321E-01 
       632  1.767151520E-01  5.451507276E-02 -3.233993407E-02 
       633 -4.068649262E-01  5.478952860E-02  4.776706436E-01 
       634  1.730360047E-01  5.497262637E-02 -3.306467002E-02 
       635 -4.045691108E-01  5.535301882E-02  4.668513147E-01 
       636  1.693461816E-01  5.542859649E-02 -3.378743621E-02 
       637  1.656459103E-01  5.588290853E-02 -3.450796316E-02 
       638 -4.022483392E-01  5.591149519E-02  4.561810810E-01 
       639  1.619354190E-01  5.633548669E-02 -3.522595306E-02 
       640 -3.999027545E-01  5.646489129E-02  4.456589617E-01 
       641  1.582149365E-01  5.678625396E-02 -3.594108089E-02 
       642 -3.975325017E-01  5.701314065E-02  4.352838798E-01 
       643  1.544846925E-01  5.723513214E-02 -3.665299539E-02 
       644 -3.951377269E-01  5.755617685E-02  4.250546681E-01 
       645  1.507449170E-01  5.768204186E-02 -3.736130970E-02 
       646 -3.927185781E-01  5.809393348E-02  4.149700874E-01 
       647  1.469958407E-01  5.812690261E-02 -3.806561322E-02 
       648  1.432376948E-01  5.856963274E-02 -3.876547554E-02 
       649 -3.902752045E-01  5.862634418E-02  4.050288459E-01 
       650  1.394707112E-01  5.901014950E-02 -3.946042887E-02 
       651 -3.878077569E-01  5.915334267E-02  3.952296030E-01 
       652  1.356951222E-01  5.944836906E-02 -4.014997332E-02 
       653 -3.853163877E-01  5.967486273E-02  3.855709818E-01 
       654  1.319111607E-01  5.988420654E-02 -4.083357769E-02 
       655 -3.828012506E-01  6.019083825E-02  3.760515777E-01 
       656  1.281190602E-01  6.031757605E-02 -4.151071432E-02 
       657 -3.802625008E-01  6.070120324E-02  3.666699674E-01 
       658  1.243190545E-01  6.074839071E-02 -4.218085368E-02 
       659  1.205113781E-01  6.117656269E-02 -4.284342771E-02 
       660 -3.777002950E-01  6.120589184E-02  3.574247184E-01 
       661  1.166962658E-01  6.160200322E-02 -4.349783494E-02 
       662 -3.751147913E-01  6.170483837E-02  3.483143987E-01 
       663  1.128739530E-01  6.202462270E-02 -4.414344118E-02 
       664 -3.725061492E-01  6.219797732E-02  3.393375867E-01 
       665  1.090446753E-01  6.244433066E-02 -4.477958345E-02 
       666 -3.698745298E-01  6.268524339E-02  3.304928769E-01 
       667  1.052086692E-01  6.286103585E-02 -4.540557236E-02 
       668 -3.672200954E-01  6.316657151E-02  3.217788723E-01 
       669  1.013661711E-01  6.327464625E-02 -4.602069379E-02 
       670 -3.645430098E-01  6.364189686E-02  3.131941278E-01 
       671  9.751741809E-02  6.368506917E-02 -4.662421004E-02 
       672  9.366264758E-02  6.409221124E-02 -4.721536074E-02 
       673 -3.618434382E-01  6.411115491E-02  3.047371780E-01 
       674  8.980209736E-02  6.449597847E-02 -4.779336363E-02 
       675 -3.591215472E-01  6.457428141E-02  2.964066039E-01 
       676  8.593600555E-02  6.489627633E-02 -4.835741528E-02 
       677 -3.563775047E-01  6.503121248E-02  2.882010215E-01 
       678  8.206461065E-02  6.529300977E-02 -4.890669181E-02 
       679 -3.536114800E-01  6.548188456E-02  2.801190759E-01 
       680  7.818815144E-02  6.568608330E-02 -4.944034961E-02 
       681 -3.508236438E-01  6.592623451E-02  2.721594392E-01 
       682  7.430686705E-02  6.607540101E-02 -4.995752604E-02 
       683 -3.480141681E-01  6.636419957E-02  2.643208050E-01 
       684  7.042099691E-02  6.646086663E-02 -5.045734019E-02 
       685 -3.451832263E-01  6.679571746E-02  2.566018794E-01 
       686  6.653078070E-02  6.684238364E-02 -5.093889365E-02 
       687  6.263645839E-02  6.721985525E-02 -5.140127134E-02 
       688 -3.423309930E-01  6.722072636E-02  2.490013592E-01 
       689  5.873827021E-02  6.759318450E-02 -5.184354246E-02 
       690 -3.394576441E-01  6.763916496E-02  2.415179208E-01 
       691  5.483645661E-02  6.796227431E-02 -5.226476167E-02 
       692 -3.365633571E-01  6.805097247E-02  2.341502583E-01 
       693  5.093125829E-02  6.832702755E-02 -5.266396868E-02 
       694 -3.336483103E-01  6.845608870E-02  2.268971564E-01 
       695  4.702291612E-02  6.868734708E-02 -5.304018606E-02 
       696 -3.307126838E-01  6.885445405E-02  2.197583052E-01 
       697  4.311167120E-02  6.904313582E-02 -5.339241344E-02 
       698 -3.277566585E-01  6.924600955E-02  2.127335588E-01 
       699  3.919776479E-02  6.939429681E-02 -5.371963847E-02 
       700 -3.247804168E-01  6.963069690E-02  2.058220436E-01 
       701  3.528143832E-02  6.974073328E-02 -5.402084921E-02 
       702 -3.217841425E-01  7.000845853E-02  1.990231652E-01 
       703  3.136293338E-02  7.008234870E-02 -5.429502562E-02 
       704 -3.187680203E-01  7.037923757E-02  1.923370966E-01 
       705  2.744249166E-02  7.041904684E-02 -5.454113549E-02 
       706 -3.157322362E-01  7.074297795E-02  1.857654611E-01 
       707  2.352035502E-02  7.075073183E-02 -5.475813632E-02 
       708  1.959676538E-02  7.107730825E-02 -5.494497641E-02 
       709 -3.126769777E-01  7.109962442E-02  1.793111319E-01 
       710  1.567196477E-02  7.139868115E-02 -5.510059606E-02 
       711 -3.096024331E-01  7.144912255E-02  1.729811499E-01 
       712  1.174619530E-02  7.171475614E-02 -5.522392855E-02 
       713 -3.065087922E-01  7.179141881E-02  1.667764937E-01 
       714  7.819699127E-03  7.202543944E-02 -5.531390106E-02 
       715 -3.033962457E-01  7.212646060E-02  1.606856549E-01 
       716  3.892718457E-03  7.233063796E-02 -5.536943596E-02 
       717 -3.002649858E-01  7.245419625E-02  1.546996639E-01 
       718 -3.450447006E-05  7.263025931E-02 -5.538945107E-02 
       719 -2.971152056E-01  7.277457512E-02  1.488149959E-01 
       720 -3.961727403E-03  7.292421192E-02 -5.537285986E-02 
       721 -2.939470994E-01  7.308754757E-02  1.430293103E-01 
       722 -7.888708088E-03  7.321240508E-02 -5.531857280E-02 
       723 -2.907608626E-01  7.339306506E-02  1.373412283E-01 
       724 -1.181520429E-02  7.349474898E-02 -5.522549829E-02 
       725 -2.875566918E-01  7.369108014E-02  1.317497035E-01 
       726 -1.574097380E-02  7.377115477E-02 -5.509254347E-02 
       727 -2.843347847E-01  7.398154651E-02  1.262538428E-01 
       728 -1.966577445E-02  7.404153467E-02 -5.491861502E-02 
       729 -2.810953400E-01  7.426441906E-02  1.208528324E-01 
       730 -2.358936414E-02  7.430580195E-02 -5.470261996E-02 
       731 -2.778385575E-01  7.453965391E-02  1.155459172E-01 
       732 -2.751150085E-02  7.456387103E-02 -5.444346635E-02 
       733 -2.745646383E-01  7.480720842E-02  1.103323935E-01 
       734 -3.143194262E-02  7.481565754E-02 -5.414006414E-02 
       735 -3.535044764E-02  7.506107834E-02 -5.379132583E-02 
       736 -2.712737842E-01  7.506704127E-02  1.052116008E-01 
       737 -3.926677417E-02  7.530005162E-02 -5.339616724E-02 
       738 -2.679661982E-01  7.531911247E-02  1.001829267E-01 
       739 -4.318068064E-02  7.553249691E-02 -5.295350823E-02 
       740 -2.646420844E-01  7.556338339E-02  9.524578968E-02 
       741 -4.709192562E-02  7.575833515E-02 -5.246227341E-02 
       742 -2.613016479E-01  7.579981684E-02  9.039963084E-02 
       743 -5.100026784E-02  7.597748873E-02 -5.192139280E-02 
       744 -2.579450947E-01  7.602837705E-02  8.564393388E-02 
       745 -5.490546621E-02  7.618988154E-02 -5.132980252E-02 
       746 -2.545726319E-01  7.624902976E-02  8.097823664E-02 
       747 -5.880727983E-02  7.639543904E-02 -5.068644547E-02 
       748 -2.511844675E-01  7.646174221E-02  7.640202973E-02 
       749 -6.270546802E-02  7.659408826E-02 -4.999027188E-02 
       750 -2.477808106E-01  7.666648321E-02  7.191477962E-02 
       751 -6.659979031E-02  7.678575788E-02 -4.924024000E-02 
       752 -2.443618710E-01  7.686322316E-02  6.751606594E-02 
       753 -7.049000648E-02  7.697037826E-02 -4.843531665E-02 
       754 -2.409278598E-01  7.705193408E-02  6.320535769E-02 
       755 -7.437587656E-02  7.714788148E-02 -4.757447780E-02 
       756 -2.374789886E-01  7.723258967E-02  5.898201799E-02 
       757 -7.825716083E-02  7.731820137E-02 -4.665670906E-02 
       758 -2.340154704E-01  7.740516529E-02  5.484596243E-02 
       759 -8.213361989E-02  7.748127357E-02 -4.568100625E-02 
       760 -2.305375188E-01  7.756963807E-02  5.079701899E-02 
       761 -8.600501461E-02  7.763703555E-02 -4.464637588E-02 
       762 -2.270453482E-01  7.772598686E-02  4.683458055E-02 
       763 -8.987110617E-02  7.778542663E-02 -4.355183556E-02 
       764 -2.235391742E-01  7.787419232E-02  4.295821517E-02 
       765 -9.373165610E-02  7.792638804E-02 -4.239641446E-02 
       766 -2.200192130E-01  7.801423692E-02  3.916752705E-02 
       767 -9.758642624E-02  7.805986293E-02 -4.117915371E-02 
       768 -2.164856817E-01  7.814610499E-02  3.546213488E-02 
       769 -1.014351788E-01  7.818579643E-02 -3.989910678E-02 
       770 -2.129387984E-01  7.826978273E-02  3.184167457E-02 
       771 -1.052776764E-01  7.830413561E-02 -3.855533977E-02 
       772 -2.093787818E-01  7.838525824E-02  2.830581602E-02 
       773 -1.091136820E-01  7.841482959E-02 -3.714693177E-02 
       774 -2.058058515E-01  7.849252156E-02  2.485428601E-02 
       775 -1.129429589E-01  7.851782949E-02 -3.567297511E-02 
       776 -2.022202280E-01  7.859156468E-02  2.148698845E-02 
       777 -1.167652710E-01  7.861308850E-02 -3.413257561E-02 
       778 -1.986221323E-01  7.868238155E-02  1.820387782E-02 
       779 -1.205803825E-01  7.870056188E-02 -3.252485281E-02 
       780 -1.950117866E-01  7.876496817E-02  1.500416030E-02 
       781 -1.243880579E-01  7.878020696E-02 -3.084894015E-02 
       782 -1.913894134E-01  7.883932250E-02  1.188609954E-02 
       783 -1.281880625E-01  7.885198319E-02 -2.910398515E-02 
       784 -1.877552363E-01  7.890544459E-02  8.848667983E-03 
       785 -1.319801619E-01  7.891585214E-02 -2.728914955E-02 
       786 -1.841094795E-01  7.896333654E-02  5.892304665E-03 
       787 -1.357641220E-01  7.897177751E-02 -2.540360952E-02 
       788 -1.804523677E-01  7.901300250E-02  3.017597959E-03 
       789 -1.395397096E-01  7.901972512E-02 -2.344655574E-02 
       790 -1.767841266E-01  7.905444875E-02  2.240693930E-04 
       791 -1.433066916E-01  7.905966296E-02 -2.141719368E-02 
       792 -1.731049826E-01  7.908768365E-02 -2.489392753E-03 
       793 -1.470648357E-01  7.909156116E-02 -1.931474397E-02 
       794 -1.694151625E-01  7.911271771E-02 -5.123793029E-03 
       795 -1.508139101E-01  7.911539202E-02 -1.713844288E-02 
       796 -1.657148940E-01  7.912956353E-02 -7.680096679E-03 
       797 -1.545536836E-01  7.913112999E-02 -1.488754356E-02 
       798 -1.620044053E-01  7.913823589E-02 -1.015906147E-02 
       799 -1.582839253E-01  7.913875168E-02 -1.256131802E-02 
