nodenumber     x-coordinate     y-coordinate pressure-coefficient 
         1 -1.984819632E-01 -6.039302589E-02 -9.104009857E-02 
         2 -1.948716138E-01 -6.039059433E-02 -9.155709671E-02 
         3 -2.020800630E-01 -6.038950627E-02 -9.047695196E-02 
         4 -1.912492375E-01 -6.038223397E-02 -9.202865152E-02 
         5 -2.056656914E-01 -6.038001421E-02 -8.986694677E-02 
         6 -1.876150578E-01 -6.036796835E-02 -9.245546387E-02 
         7 -2.092386270E-01 -6.036452959E-02 -8.920936724E-02 
         8 -1.839692989E-01 -6.034782212E-02 -9.283823091E-02 
         9 -2.127986495E-01 -6.034303338E-02 -8.850349122E-02 
        10 -1.803121855E-01 -6.032182109E-02 -9.317764670E-02 
        11 -2.163455394E-01 -6.031550768E-02 -8.774858930E-02 
        12 -1.766439434E-01 -6.028999220E-02 -9.347440269E-02 
        13 -2.198790779E-01 -6.028193568E-02 -8.694392397E-02 
        14 -1.729647987E-01 -6.025236355E-02 -9.372918818E-02 
        15 -2.233990469E-01 -6.024230166E-02 -8.608874864E-02 
        16 -1.692749784E-01 -6.020896437E-02 -9.394269073E-02 
        17 -2.269052295E-01 -6.019659098E-02 -8.518230673E-02 
        18 -1.655747101E-01 -6.015982504E-02 -9.411559658E-02 
        19 -2.303974092E-01 -6.014479007E-02 -8.422383064E-02 
        20 -1.618642220E-01 -6.010497709E-02 -9.424859093E-02 
        21 -2.338753707E-01 -6.008688641E-02 -8.321254069E-02 
        22 -1.581437431E-01 -6.004445315E-02 -9.434235827E-02 
        23 -2.373388995E-01 -6.002286852E-02 -8.214764397E-02 
        24 -1.544135028E-01 -5.997828702E-02 -9.439758259E-02 
        25 -2.407877819E-01 -5.995272593E-02 -8.102833317E-02 
        26 -1.506737313E-01 -5.990651359E-02 -9.441494755E-02 
        27 -2.442218053E-01 -5.987644922E-02 -7.985378533E-02 
        28 -1.469246591E-01 -5.982916887E-02 -9.439513646E-02 
        29 -2.476407577E-01 -5.979402993E-02 -7.862316052E-02 
        30 -1.431665175E-01 -5.974629000E-02 -9.433883245E-02 
        31 -2.510444283E-01 -5.970546059E-02 -7.733560047E-02 
        32 -1.393995385E-01 -5.965791518E-02 -9.424671885E-02 
        33 -2.544326071E-01 -5.961073471E-02 -7.599022723E-02 
        34 -1.356239542E-01 -5.956408372E-02 -9.411947913E-02 
        35 -2.578050852E-01 -5.950984671E-02 -7.458614179E-02 
        36 -1.318399976E-01 -5.946483596E-02 -9.395779692E-02 
        37 -2.611616546E-01 -5.940279198E-02 -7.312242271E-02 
        38 -1.280479022E-01 -5.936021334E-02 -9.376235592E-02 
        39 -2.645021081E-01 -5.928956680E-02 -7.159812464E-02 
        40 -1.242479018E-01 -5.925025831E-02 -9.353383989E-02 
        41 -2.678262398E-01 -5.917016833E-02 -7.001227667E-02 
        42 -1.204402309E-01 -5.913501436E-02 -9.327293248E-02 
        43 -2.711338446E-01 -5.904459463E-02 -6.836387943E-02 
        44 -1.166251242E-01 -5.901452596E-02 -9.298031719E-02 
        45 -2.744247185E-01 -5.891284461E-02 -6.665190398E-02 
        46 -1.128028171E-01 -5.888883859E-02 -9.265667718E-02 
        47 -2.776986585E-01 -5.877491802E-02 -6.487528820E-02 
        48 -1.089735455E-01 -5.875799869E-02 -9.230269510E-02 
        49 -2.809554628E-01 -5.863081541E-02 -6.303293688E-02 
        50 -1.051375454E-01 -5.862205364E-02 -9.191905288E-02 
        51 -1.012950536E-01 -5.848105173E-02 -9.150643152E-02 
        52 -2.841949303E-01 -5.848053817E-02 -6.112372391E-02 
        53 -9.744630703E-02 -5.833504217E-02 -9.106551084E-02 
        54 -2.874168612E-01 -5.832408844E-02 -5.914649732E-02 
        55 -9.359154309E-02 -5.818407504E-02 -9.059696919E-02 
        56 -2.906210570E-01 -5.816146914E-02 -5.710006081E-02 
        57 -8.973099957E-02 -5.802820127E-02 -9.010148322E-02 
        58 -2.938073199E-01 -5.799268393E-02 -5.498320474E-02 
        59 -8.586491460E-02 -5.786747259E-02 -8.957972754E-02 
        60 -2.969754533E-01 -5.781773721E-02 -5.279458579E-02 
        61 -8.199352666E-02 -5.770194157E-02 -8.903237438E-02 
        62 -3.001252619E-01 -5.763663409E-02 -5.053278097E-02 
        63 -7.811707455E-02 -5.753166152E-02 -8.846009330E-02 
        64 -3.032565515E-01 -5.744938037E-02 -4.819633173E-02 
        65 -7.423579738E-02 -5.735668648E-02 -8.786355083E-02 
        66 -3.063691288E-01 -5.725598254E-02 -4.578368309E-02 
        67 -7.034993456E-02 -5.717707124E-02 -8.724341006E-02 
        68 -3.094628019E-01 -5.705644774E-02 -4.329387215E-02 
        69 -6.645972579E-02 -5.699287125E-02 -8.660033032E-02 
        70 -3.125373800E-01 -5.685078375E-02 -4.072470248E-02 
        71 -6.256541103E-02 -5.680414259E-02 -8.593496681E-02 
        72 -3.155926734E-01 -5.663899902E-02 -3.807385765E-02 
        73 -5.866723051E-02 -5.661094201E-02 -8.524797015E-02 
        74 -3.186284937E-01 -5.642110259E-02 -3.534014631E-02 
        75 -5.476542466E-02 -5.641332681E-02 -8.453998607E-02 
        76 -5.086023417E-02 -5.621135487E-02 -8.381165498E-02 
        77 -3.216446536E-01 -5.619710410E-02 -3.252205112E-02 
        78 -4.695189993E-02 -5.600508457E-02 -8.306361158E-02 
        79 -3.246409672E-01 -5.596701379E-02 -2.961856337E-02 
        80 -4.304066302E-02 -5.579457481E-02 -8.229648449E-02 
        81 -3.276172497E-01 -5.573084250E-02 -2.662719701E-02 
        82 -3.912676471E-02 -5.557988493E-02 -8.151089641E-02 
        83 -3.305733173E-01 -5.548860160E-02 -2.354549405E-02 
        84 -3.521044640E-02 -5.536107472E-02 -8.070746322E-02 
        85 -3.335089879E-01 -5.524030304E-02 -2.037217815E-02 
        86 -3.129194968E-02 -5.513820435E-02 -7.988680541E-02 
        87 -3.364240804E-01 -5.498595933E-02 -1.710529340E-02 
        88 -2.737151627E-02 -5.491133434E-02 -7.904951335E-02 
        89 -3.393184150E-01 -5.472558350E-02 -1.374272364E-02 
        90 -2.344938797E-02 -5.468052555E-02 -7.819617054E-02 
        91 -3.421918132E-01 -5.445918912E-02 -1.028223750E-02 
        92 -1.952580674E-02 -5.444583914E-02 -7.732737651E-02 
        93 -1.560101458E-02 -5.420733652E-02 -7.644371197E-02 
        94 -3.450440977E-01 -5.418679029E-02 -6.721530147E-03 
        95 -1.167525360E-02 -5.396507933E-02 -7.554575134E-02 
        96 -3.478750927E-01 -5.390840161E-02 -3.058222027E-03 
        97 -7.748765962E-03 -5.371912942E-02 -7.463406217E-02 
        98 -3.506846236E-01 -5.362403823E-02  7.101105521E-04 
        99 -3.821793857E-03 -5.346954878E-02 -7.370920424E-02 
       100 -3.534725171E-01 -5.333371578E-02  4.586067646E-03 
       101  1.054204791E-04 -5.321639955E-02 -7.277172158E-02 
       102 -3.562386012E-01 -5.303745042E-02  8.572398733E-03 
       103  4.032634799E-03 -5.295974395E-02 -7.182213184E-02 
       104 -3.589827054E-01 -5.273525880E-02  1.267207841E-02 
       105  7.959606855E-03 -5.269964430E-02 -7.086085972E-02 
       106  1.188609441E-02 -5.243616291E-02 -6.988825202E-02 
       107 -3.617046605E-01 -5.242715809E-02  1.688824918E-02 
       108  1.581185528E-02 -5.216936213E-02 -6.890422573E-02 
       109 -3.644042986E-01 -5.211316597E-02  2.122362787E-02 
       110  1.973664728E-02 -5.189930429E-02 -6.790904826E-02 
       111 -3.670814531E-01 -5.179330062E-02  2.568078025E-02 
       112  2.366022833E-02 -5.162605165E-02 -6.690204356E-02 
       113 -3.697359591E-01 -5.146758073E-02  3.026287860E-02 
       114  2.758235640E-02 -5.134966640E-02 -6.588423509E-02 
       115 -3.723676529E-01 -5.113602553E-02  3.497334564E-02 
       116  3.150278956E-02 -5.107021061E-02 -6.485763209E-02 
       117 -3.749763721E-01 -5.079865474E-02  3.981556358E-02 
       118  3.542128598E-02 -5.078774623E-02 -6.382260247E-02 
       119  3.933760394E-02 -5.050233503E-02 -6.277965814E-02 
       120 -3.775619558E-01 -5.045548863E-02  4.479288970E-02 
       121  4.325150188E-02 -5.021403861E-02 -6.172906714E-02 
       122 -3.801242448E-01 -5.010654800E-02  4.990856568E-02 
       123  4.716273836E-02 -4.992291836E-02 -6.067106199E-02 
       124 -3.826630808E-01 -4.975185419E-02  5.516623103E-02 
       125  5.107107212E-02 -4.962903543E-02 -5.960587696E-02 
       126 -3.851783075E-01 -4.939142911E-02  6.057015500E-02 
       127  5.497626208E-02 -4.933245070E-02 -5.853385391E-02 
       128  5.887806734E-02 -4.903322480E-02 -5.745522828E-02 
       129 -3.876697698E-01 -4.902529519E-02  6.612412976E-02 
       130  6.277624724E-02 -4.873141804E-02 -5.637034232E-02 
       131 -3.901373139E-01 -4.865347549E-02  7.183124096E-02 
       132  6.667056130E-02 -4.842709041E-02 -5.527947006E-02 
       133 -3.925807879E-01 -4.827599362E-02  7.769544740E-02 
       134  7.056076931E-02 -4.812030160E-02 -5.418289144E-02 
       135 -3.950000410E-01 -4.789287380E-02  8.372025808E-02 
       136  7.444663131E-02 -4.781111089E-02 -5.308084716E-02 
       137 -3.973949241E-01 -4.750414087E-02  8.990948964E-02 
       138  7.832790759E-02 -4.749957725E-02 -5.197356886E-02 
       139  8.220435873E-02 -4.718575922E-02 -5.086126355E-02 
       140 -3.997652896E-01 -4.710982030E-02  9.626855583E-02 
       141  8.607574563E-02 -4.686971498E-02 -4.974411686E-02 
       142 -4.021109912E-01 -4.670993819E-02  1.028027139E-01 
       143  8.994182948E-02 -4.655150226E-02 -4.862227893E-02 
       144 -4.044318846E-01 -4.630452132E-02  1.095171082E-01 
       145  9.380237179E-02 -4.623117841E-02 -4.749585517E-02 
       146  9.765713444E-02 -4.590880033E-02 -4.636488647E-02 
       147 -4.067278265E-01 -4.589359714E-02  1.164166397E-01 
       148  1.015058796E-01 -4.558442447E-02 -4.522930543E-02 
       149 -4.089986755E-01 -4.547719380E-02  1.235060262E-01 
       150  1.053483700E-01 -4.525810686E-02 -4.408904538E-02 
       151 -4.112442916E-01 -4.505534018E-02  1.307901896E-01 
       152  1.091843684E-01 -4.492990305E-02 -4.294383978E-02 
       153 -4.134645364E-01 -4.462806587E-02  1.382742462E-01 
       154  1.130136384E-01 -4.459986814E-02 -4.179376269E-02 
       155  1.168359436E-01 -4.426805678E-02 -4.063917398E-02 
       156 -4.156592731E-01 -4.419540123E-02  1.459635206E-01 
       157  1.206510483E-01 -4.393452312E-02 -3.948049145E-02 
       158 -4.178283664E-01 -4.375737741E-02  1.538636287E-01 
       159  1.244587172E-01 -4.359932088E-02 -3.831806926E-02 
       160 -4.199716827E-01 -4.331402634E-02  1.619802449E-01 
       161  1.282587154E-01 -4.326250329E-02 -3.715185244E-02 
       162  1.320508086E-01 -4.292412312E-02 -3.598184370E-02 
       163 -4.220890900E-01 -4.286538078E-02  1.703194010E-01 
       164  1.358347626E-01 -4.258423265E-02 -3.480806459E-02 
       165 -4.241804577E-01 -4.241147431E-02  1.788870199E-01 
       166  1.396103443E-01 -4.224288374E-02 -3.363052337E-02 
       167 -4.262456571E-01 -4.195234139E-02  1.876899428E-01 
       168  1.433773206E-01 -4.190012774E-02 -3.244922089E-02 
       169  1.471354592E-01 -4.155601559E-02 -3.126414820E-02 
       170 -4.282845609E-01 -4.148801738E-02  1.967363091E-01 
       171  1.508845283E-01 -4.121059773E-02 -3.007527808E-02 
       172 -4.302970436E-01 -4.101853851E-02  2.060362298E-01 
       173  1.546242966E-01 -4.086392421E-02 -2.888256602E-02 
       174 -4.322829812E-01 -4.054394197E-02  2.156008427E-01 
       175  1.583545335E-01 -4.051604459E-02 -2.768595199E-02 
       176  1.620750088E-01 -4.016700806E-02 -2.648536404E-02 
       177 -4.342422515E-01 -4.006426589E-02  2.254746792E-01 
       178  1.657854930E-01 -3.981686333E-02 -2.528072119E-02 
       179 -4.361747338E-01 -3.957954937E-02  2.356716440E-01 
       180  1.694857573E-01 -3.946565875E-02 -2.407194408E-02 
       181  1.731755734E-01 -3.911344225E-02 -2.285895587E-02 
       182 -4.380803092E-01 -3.908983252E-02  2.461725045E-01 
       183  1.768547137E-01 -3.876026138E-02 -2.164169548E-02 
       184 -4.399588604E-01 -3.859515646E-02  2.569825857E-01 
       185  1.805229512E-01 -3.840616331E-02 -2.042014434E-02 
       186 -4.418102718E-01 -3.809556334E-02  2.681049688E-01 
       187  1.841800597E-01 -3.805119486E-02 -1.919426535E-02 
       188  1.878258136E-01 -3.769540250E-02 -1.796426981E-02 
       189 -4.436344295E-01 -3.759109639E-02  2.795464153E-01 
       190  1.914599880E-01 -3.733883236E-02 -1.672993441E-02 
       191 -4.454312213E-01 -3.708179992E-02  2.913143654E-01 
       192  1.950823587E-01 -3.698153026E-02 -1.549189671E-02 
       193  1.986927023E-01 -3.662354171E-02 -1.424974069E-02 
       194 -4.472005367E-01 -3.656771933E-02  3.034168922E-01 
       195  2.022907960E-01 -3.626491194E-02 -1.300193691E-02 
       196 -4.489422669E-01 -3.604890116E-02  3.158623146E-01 
       197  2.058764180E-01 -3.590568591E-02 -1.174828458E-02 
       198  2.094493471E-01 -3.554590831E-02 -1.048845707E-02 
       199 -4.506563049E-01 -3.552539309E-02  3.286590702E-01 
       200  2.130093627E-01 -3.518562361E-02 -9.222172580E-03 
       201 -4.523425454E-01 -3.499724394E-02  3.418156244E-01 
       202  2.165562454E-01 -3.482487604E-02 -7.949153346E-03 
       203 -4.540008848E-01 -3.446450374E-02  3.553404051E-01 
       204  2.200897764E-01 -3.446370964E-02 -6.669128873E-03 
       205  2.236097377E-01 -3.410216826E-02 -5.381825734E-03 
       206 -4.556312212E-01 -3.392722369E-02  3.692418208E-01 
       207  2.271159121E-01 -3.374029556E-02 -4.086965793E-03 
       208 -4.572334547E-01 -3.338545624E-02  3.835280856E-01 
       209  2.306080835E-01 -3.337813507E-02 -2.784268051E-03 
       210  2.340860363E-01 -3.301573017E-02 -1.473448200E-03 
       211 -4.588074870E-01 -3.283925503E-02  3.982069978E-01 
       212  2.375495560E-01 -3.265312412E-02 -1.542189491E-04 
       213  2.409984290E-01 -3.229036008E-02  1.173710623E-03 
       214 -4.603532215E-01 -3.228867496E-02  4.132859379E-01 
       215  2.444324425E-01 -3.192748112E-02  2.510635804E-03 
       216 -4.618705635E-01 -3.173377219E-02  4.287717871E-01 
       217  2.478513848E-01 -3.156453024E-02  3.856855335E-03 
       218  2.512550449E-01 -3.120155038E-02  5.212671788E-03 
       219 -4.633594201E-01 -3.117460414E-02  4.446707997E-01 
       220  2.546432129E-01 -3.083858446E-02  6.578390439E-03 
       221 -4.648197003E-01 -3.061122952E-02  4.609884697E-01 
       222  2.580156797E-01 -3.047567535E-02  7.954318428E-03 
       223  2.613722374E-01 -3.011286593E-02  9.340765347E-03 
       224 -4.662513146E-01 -3.004370832E-02  4.777293625E-01 
       225  2.647126788E-01 -2.975019908E-02  1.073804256E-02 
       226 -4.676541758E-01 -2.947210183E-02  4.948969047E-01 
       227  2.680367980E-01 -2.938771770E-02  1.214646220E-02 
       228  2.713443898E-01 -2.902546472E-02  1.356633663E-02 
       229 -4.690281980E-01 -2.889647265E-02  5.124931952E-01 
       230  2.746352504E-01 -2.866348313E-02  1.499797905E-02 
       231 -4.703732977E-01 -2.831688466E-02  5.305187343E-01 
       232  2.779091765E-01 -2.830181596E-02  1.644170310E-02 
       233  2.811659664E-01 -2.794050632E-02  1.789782224E-02 
       234 -4.716893928E-01 -2.773340310E-02  5.489720876E-01 
       235  2.844054191E-01 -2.757959740E-02  1.936664993E-02 
       236  2.876273348E-01 -2.721913250E-02  2.084849922E-02 
       237 -4.729764033E-01 -2.714609448E-02  5.678495909E-01 
       238  2.908315148E-01 -2.685915498E-02  2.234368210E-02 
       239 -4.742342510E-01 -2.655502665E-02  5.871449588E-01 
       240  2.940177613E-01 -2.649970836E-02  2.385250967E-02 
       241  2.971858779E-01 -2.614083624E-02  2.537529185E-02 
       242 -4.754628598E-01 -2.596026876E-02  6.068488318E-01 
       243  3.003356691E-01 -2.578258237E-02  2.691233718E-02 
       244  3.034669407E-01 -2.542499062E-02  2.846395268E-02 
       245 -4.766621552E-01 -2.536189126E-02  6.269482760E-01 
       246  3.065794995E-01 -2.506810501E-02  3.003044364E-02 
       247 -4.778320648E-01 -2.475996592E-02  6.474262027E-01 
       248  3.096731534E-01 -2.471196969E-02  3.161211354E-02 
       249  3.127477117E-01 -2.435662897E-02  3.320926392E-02 
       250 -4.789725182E-01 -2.415456578E-02  6.682607135E-01 
       251  3.158029847E-01 -2.400212731E-02  3.482219426E-02 
       252  3.188387840E-01 -2.364850931E-02  3.645120197E-02 
       253 -4.800834468E-01 -2.354576515E-02  6.894243588E-01 
       254  3.218549222E-01 -2.329581975E-02  3.809658233E-02 
       255  3.248512134E-01 -2.294410355E-02  3.975862844E-02 
       256 -4.811647841E-01 -2.293363964E-02  7.108832997E-01 
       257  3.278274727E-01 -2.259340578E-02  4.143763129E-02 
       258 -4.822164654E-01 -2.231826607E-02  7.325963659E-01 
       259  3.307835165E-01 -2.224377167E-02  4.313387973E-02 
       260  3.337191625E-01 -2.189524663E-02  4.484766056E-02 
       261 -4.832384282E-01 -2.169972249E-02  7.545140015E-01 
       262  3.366342295E-01 -2.154787617E-02  4.657925863E-02 
       263  3.395285379E-01 -2.120170600E-02  4.832895691E-02 
       264 -4.842306118E-01 -2.107808816E-02  7.765771016E-01 
       265  3.424019090E-01 -2.085678192E-02  5.009703667E-02 
       266  3.452541656E-01 -2.051314991E-02  5.188377764E-02 
       267 -4.851929578E-01 -2.045344349E-02  7.987157313E-01 
       268  3.480851318E-01 -2.017085606E-02  5.368945816E-02 
       269  3.508946329E-01 -1.982994660E-02  5.551435549E-02 
       270 -4.861254097E-01 -1.982587005E-02  8.208477226E-01 
       271  3.536824956E-01 -1.949046785E-02  5.735874599E-02 
       272 -4.870279130E-01 -1.919545047E-02  8.428771882E-01 
       273  3.564485480E-01 -1.915246626E-02  5.922290547E-02 
       274  3.591926195E-01 -1.881598837E-02  6.110710947E-02 
       275 -4.879004153E-01 -1.856226846E-02  8.646929428E-01 
       276  3.619145407E-01 -1.848108082E-02  6.301163356E-02 
       277  3.646141439E-01 -1.814779033E-02  6.493675383E-02 
       278 -4.887428664E-01 -1.792640872E-02  8.861668865E-01 
       279  3.672912624E-01 -1.781616366E-02  6.688274722E-02 
       280  3.699457311E-01 -1.748624766E-02  6.884989200E-02 
       281 -4.895552180E-01 -1.728795690E-02  9.071525807E-01 
       282  3.725773863E-01 -1.715808921E-02  7.083846824E-02 
       283  3.751860656E-01 -1.683173522E-02  7.284875836E-02 
       284 -4.903374241E-01 -1.664699953E-02  9.274827461E-01 
       285  3.777716082E-01 -1.650723261E-02  7.488104763E-02 
       286  3.803338546E-01 -1.618462831E-02  7.693562479E-02 
       287 -4.910894408E-01 -1.600362395E-02  9.469504025E-01 
       288  3.828726466E-01 -1.586396925E-02  7.901278267E-02 
       289  3.853878278E-01 -1.554530231E-02  8.111281886E-02 
       290 -4.918112261E-01 -1.535791825E-02  9.653067677E-01 
       291  3.878792429E-01 -1.522867435E-02  8.323603642E-02 
       292  3.903467383E-01 -1.491413216E-02  8.538274461E-02 
       293 -4.925027403E-01 -1.470997116E-02  9.823082516E-01 
       294  3.927901617E-01 -1.460172245E-02  8.755325970E-02 
       295  3.952093625E-01 -1.429149185E-02  8.974790580E-02 
       296 -4.931639456E-01 -1.405987198E-02  9.976817887E-01 
       297  3.976041915E-01 -1.398348688E-02  9.196701571E-02 
       298  3.999745008E-01 -1.367775395E-02  9.421093191E-02 
       299 -4.937948065E-01 -1.340771045E-02  1.011084717E+00 
       300  4.023201443E-01 -1.337433929E-02  9.648000747E-02 
       301  4.046409773E-01 -1.307328901E-02  9.877460712E-02 
       302  4.069368566E-01 -1.277464902E-02  1.010951083E-01 
       303 -4.943952892E-01 -1.275357670E-02  1.022161211E+00 
       304  4.092076407E-01 -1.247846504E-02  1.034419025E-01 
       305  4.114531894E-01 -1.218478260E-02  1.058153960E-01 
       306 -4.949653620E-01 -1.209756109E-02  1.030546451E+00 
       307  4.136733643E-01 -1.189364697E-02  1.082160117E-01 
       308  4.158680283E-01 -1.160510319E-02  1.106441899E-01 
       309 -4.955049951E-01 -1.143975411E-02  1.035806184E+00 
       310  4.180370462E-01 -1.131919602E-02  1.131003904E-01 
       311  4.201802840E-01 -1.103596995E-02  1.155850932E-01 
       312 -4.960141604E-01 -1.078024630E-02  1.037546056E+00 
       313  4.222976097E-01 -1.075546918E-02  1.180988006E-01 
       314  4.243888926E-01 -1.047773756E-02  1.206420387E-01 
       315  4.264540037E-01 -1.020281864E-02  1.232153591E-01 
       316 -4.964928313E-01 -1.011912808E-02  1.035409654E+00 
       317  4.284928157E-01 -9.930755595E-03  1.258193408E-01 
       318  4.305052026E-01 -9.661591242E-03  1.284545923E-01 
       319 -4.969409830E-01 -9.456489744E-03  1.028862032E+00 
       320  4.324910406E-01 -9.395368012E-03  1.311217533E-01 
       321  4.344502069E-01 -9.132127931E-03  1.338214974E-01 
       322  4.363825809E-01 -8.871912613E-03  1.365545342E-01 
       323 -4.973585917E-01 -8.792421295E-03  1.017354968E+00 
       324  4.382880432E-01 -8.614763237E-03  1.393216115E-01 
       325  4.401664764E-01 -8.360720533E-03  1.421235185E-01 
       326 -4.977456348E-01 -8.127012444E-03  1.000404520E+00 
       327  4.420177645E-01 -8.109824771E-03  1.449610883E-01 
       328  4.438417935E-01 -7.862115744E-03  1.478352009E-01 
       329  4.456384507E-01 -7.617632752E-03  1.507467867E-01 
       330 -4.981020907E-01 -7.460352573E-03  9.775047252E-01 
       331  4.474076254E-01 -7.376414592E-03  1.536968299E-01 
       332  4.491492084E-01 -7.138499545E-03  1.566863719E-01 
       333  4.508630922E-01 -6.903925359E-03  1.597165159E-01 
       334 -4.984279383E-01 -6.792530754E-03  9.481957844E-01 
       335  4.525491713E-01 -6.672729243E-03  1.627884310E-01 
       336  4.542073415E-01 -6.444947850E-03  1.659033567E-01 
       337  4.558375006E-01 -6.220617269E-03  1.690626082E-01 
       338 -4.987231569E-01 -6.123635826E-03  9.120736921E-01 
       339  4.574395480E-01 -5.999773013E-03  1.722675821E-01 
       340  4.590133849E-01 -5.782450011E-03  1.755197619E-01 
       341  4.605589142E-01 -5.568682596E-03  1.788207251E-01 
       342 -4.989877262E-01 -5.453756519E-03  8.688015428E-01 
       343  4.620760407E-01 -5.358504498E-03  1.821721497E-01 
       344  4.635646706E-01 -5.151948833E-03  1.855758227E-01 
       345  4.650247122E-01 -4.949048097E-03  1.890336483E-01 
       346 -4.992216256E-01 -4.782981640E-03  8.181267448E-01 
       347  4.664560754E-01 -4.749834160E-03  1.925476570E-01 
       348  4.678586720E-01 -4.554338256E-03  1.961200168E-01 
       349  4.692324153E-01 -4.362590978E-03  1.997530440E-01 
       350  4.705772207E-01 -4.174622272E-03  2.034492158E-01 
       351 -4.994248345E-01 -4.111400322E-03  7.599134732E-01 
       352  4.718930053E-01 -3.990461434E-03  2.072111852E-01 
       353  4.731796878E-01 -3.810137100E-03  2.110417958E-01 
       354  4.744371888E-01 -3.633677247E-03  2.149441000E-01 
       355  4.756654309E-01 -3.461109187E-03  2.189213782E-01 
       356 -4.995973318E-01 -3.439102322E-03  6.941750843E-01 
       357  4.768643382E-01 -3.292459562E-03  2.229771612E-01 
       358  4.780338368E-01 -3.127754345E-03  2.271152550E-01 
       359  4.791738545E-01 -2.967018834E-03  2.313397692E-01 
       360  4.802843211E-01 -2.810277651E-03  2.356551487E-01 
       361 -4.997390963E-01 -2.766178357E-03  6.211095067E-01 
       362  4.813651680E-01 -2.657554741E-03  2.400662105E-01 
       363  4.824163286E-01 -2.508873372E-03  2.445781857E-01 
       364  4.834377380E-01 -2.364256130E-03  2.491967669E-01 
       365  4.844293332E-01 -2.223724924E-03  2.539281646E-01 
       366 -4.998501066E-01 -2.092720467E-03  5.411366236E-01 
       367  4.853910530E-01 -2.087300981E-03  2.587791708E-01 
       368  4.863228382E-01 -1.955004849E-03  2.637572349E-01 
       369  4.872246312E-01 -1.826856396E-03  2.688705510E-01 
       370  4.880963764E-01 -1.702874812E-03  2.741281626E-01 
       371  4.889380201E-01 -1.583078610E-03  2.795400850E-01 
       372  4.897495103E-01 -1.467485626E-03  2.851174533E-01 
       373 -4.999303409E-01 -1.418822370E-03  4.550012732E-01 
       374  4.905307969E-01 -1.356113022E-03  2.908726988E-01 
       375  4.912818319E-01 -1.248977284E-03  2.968197638E-01 
       376  4.920025687E-01 -1.146094231E-03  3.029743641E-01 
       377  4.926929631E-01 -1.047479009E-03  3.093543116E-01 
       378  4.933529724E-01 -9.531460973E-04  3.159799187E-01 
       379  4.939825558E-01 -8.631093111E-04  3.228745038E-01 
       380  4.945816746E-01 -7.773818015E-04  3.300650379E-01 
       381 -4.999797782E-01 -7.445797789E-04  3.635979815E-01 
       382  4.951502918E-01 -6.959760594E-04  3.375829822E-01 
       383  4.956883723E-01 -6.189039169E-04  3.454653608E-01 
       384  4.961958830E-01 -5.461765505E-04  3.537562235E-01 
       385  4.966727924E-01 -4.778044827E-04  3.625085594E-01 
       386  4.971190713E-01 -4.137975848E-04  3.717869678E-01 
       387  4.975346920E-01 -3.541650788E-04  3.816712696E-01 
       388  4.979196290E-01 -2.989155402E-04  3.922624353E-01 
       389  4.982738585E-01 -2.480568995E-04  4.036880721E-01 
       390  4.985973586E-01 -2.015964445E-04  4.161248989E-01 
       391  4.988901094E-01 -1.595408225E-04  4.297859129E-01 
       392  4.991520928E-01 -1.218960417E-04  4.451201064E-01 
       393  4.993832927E-01 -8.866747317E-05  4.626444307E-01 
       394 -4.999983977E-01 -7.009066653E-05  2.683947302E-01 
       395  4.995812570E-01 -6.020502667E-05  4.839386318E-01 
       396  4.997282705E-01 -3.906807571E-05  5.080667669E-01 
       397  4.998320312E-01 -2.414982262E-05  5.342730698E-01 
       398  4.999026627E-01 -1.399473560E-05  5.626309663E-01 
       399  4.999495665E-01 -7.251104040E-06  5.904929130E-01 
       400  4.999802036E-01 -2.846244650E-06  6.262033543E-01 
       401  5.000000000E-01  0.000000000E+00  6.414690199E-01 
       402  4.999802036E-01  2.846336210E-06  6.244228372E-01 
       403  4.999454389E-01  7.844818883E-06  5.849098809E-01 
       404  4.998860533E-01  1.638329851E-05  5.531768484E-01 
       405  4.997892467E-01  3.030218147E-05  5.210574555E-01 
       406  4.996428678E-01  5.134858575E-05  4.921115542E-01 
       407  4.994449036E-01  7.981194785E-05  4.672885852E-01 
       408  4.992445010E-01  1.086164188E-04  4.494948628E-01 
       409  4.990133006E-01  1.418413086E-04  4.334921504E-01 
       410  4.987513166E-01  1.794818801E-04  4.192152277E-01 
       411  4.984585651E-01  2.215327601E-04  4.060168806E-01 
       412  4.981350643E-01  2.679879382E-04  3.937711905E-01 
       413  4.977808340E-01  3.188407646E-04  3.823112867E-01 
       414  4.973958961E-01  3.740839490E-04  3.715268324E-01 
       415  4.969802744E-01  4.337095577E-04  3.613253431E-01 
       416  4.965339944E-01  4.977090124E-04  3.516327783E-01 
       417  4.960570838E-01  5.660730877E-04  3.423880982E-01 
       418 -4.999861800E-01  6.045445650E-04  1.696983734E-01 
       419  4.955495720E-01  6.387919090E-04  3.335406049E-01 
       420  4.950114901E-01  7.158549499E-04  3.250477713E-01 
       421  4.944428716E-01  7.972510305E-04  3.168735558E-01 
       422  4.938437513E-01  8.829683144E-04  3.089871793E-01 
       423  4.932141663E-01  9.729943068E-04  3.013621373E-01 
       424  4.925541554E-01  1.067315852E-03  2.939754429E-01 
       425  4.918637593E-01  1.165919132E-03  2.868070260E-01 
       426  4.911430207E-01  1.268789661E-03  2.798392551E-01 
       427 -4.999431073E-01  1.279223021E-03  6.738673320E-02 
       428  4.903919839E-01  1.375912290E-03  2.730565525E-01 
       429  4.896106953E-01  1.487271195E-03  2.664450834E-01 
       430  4.887992030E-01  1.602849885E-03  2.599925014E-01 
       431  4.879575573E-01  1.722631194E-03  2.536877391E-01 
       432  4.870858098E-01  1.846597280E-03  2.475208346E-01 
       433 -4.998691640E-01  1.953839368E-03 -3.736959154E-02 
       434  4.861840145E-01  1.974729627E-03  2.414827886E-01 
       435  4.852522270E-01  2.107009041E-03  2.355654285E-01 
       436  4.842905047E-01  2.243415647E-03  2.297612907E-01 
       437  4.832989070E-01  2.383928893E-03  2.240635524E-01 
       438  4.822774949E-01  2.528527547E-03  2.184659697E-01 
       439 -4.997643372E-01  2.628286011E-03 -1.429516830E-01 
       440  4.812263316E-01  2.677189698E-03  2.129628147E-01 
       441  4.801454819E-01  2.829892752E-03  2.075488234E-01 
       442  4.790350124E-01  2.986613440E-03  2.022191438E-01 
       443  4.778949917E-01  3.147327810E-03  1.969692920E-01 
       444 -4.996286172E-01  3.302453368E-03 -2.485141812E-01 
       445  4.767254900E-01  3.312011238E-03  1.917951152E-01 
       446  4.755265796E-01  3.480638420E-03  1.866927595E-01 
       447  4.742983343E-01  3.653183382E-03  1.816586418E-01 
       448  4.730408299E-01  3.829619475E-03  1.766894252E-01 
       449 -4.994619979E-01  3.976230243E-03 -3.534150104E-01 
       450  4.717541440E-01  4.009919386E-03  1.717819974E-01 
       451  4.704383559E-01  4.194055134E-03  1.669334513E-01 
       452  4.690935469E-01  4.381998079E-03  1.621410677E-01 
       453  4.677197999E-01  4.573718924E-03  1.574022997E-01 
       454 -4.992644772E-01  4.649504247E-03 -4.563945111E-01 
       455  4.663171995E-01  4.769187720E-03  1.527147587E-01 
       456  4.648858324E-01  4.968373870E-03  1.480762014E-01 
       457  4.634257869E-01  5.171246140E-03  1.434845184E-01 
       458 -4.990360568E-01  5.322162254E-03 -5.566444443E-01 
       459  4.619371529E-01  5.377772657E-03  1.389377230E-01 
       460  4.604200223E-01  5.587920925E-03  1.344339462E-01 
       461  4.588744888E-01  5.801657824E-03  1.299714236E-01 
       462 -4.987767428E-01  5.994090862E-03 -6.533744562E-01 
       463  4.573006475E-01  6.018949626E-03  1.255485515E-01 
       464  4.556985957E-01  6.239761996E-03  1.211638202E-01 
       465  4.540684322E-01  6.464060005E-03  1.168164035E-01 
       466 -4.984865452E-01  6.665176820E-03 -7.458243991E-01 
       467  4.524102574E-01  6.691808141E-03  1.125055121E-01 
       468  4.507241737E-01  6.922970314E-03  1.082295593E-01 
       469  4.490102851E-01  7.157509872E-03  1.039870452E-01 
       470 -4.981654781E-01  7.335307427E-03 -8.333355749E-01 
       471  4.472686972E-01  7.395389608E-03  9.977665156E-02 
       472  4.454995177E-01  7.636571774E-03  9.559715036E-02 
       473  4.437028554E-01  7.881018093E-03  9.144746051E-02 
       474 -4.978135594E-01  8.004370856E-03 -9.155991129E-01 
       475  4.418788214E-01  8.128689770E-03  8.732658407E-02 
       476  4.400275281E-01  8.379547506E-03  8.323359133E-02 
       477  4.381490897E-01  8.633551511E-03  7.916760265E-02 
       478 -4.974308105E-01  8.672256438E-03 -9.924761997E-01 
       479  4.362436220E-01  8.890661521E-03  7.512777991E-02 
       480  4.343112427E-01  9.150836807E-03  7.111331981E-02 
       481 -4.970172563E-01  9.338854868E-03 -1.063803990E+00 
       482  4.323520709E-01  9.414036194E-03  6.712344738E-02 
       483  4.303662274E-01  9.680218075E-03  6.315741028E-02 
       484  4.283538348E-01  9.949340427E-03  5.921446742E-02 
       485 -4.965729247E-01  1.000405836E-02 -1.129520515E+00 
       486  4.263150172E-01  1.022136082E-02  5.529391079E-02 
       487  4.242499003E-01  1.049623646E-02  5.139509714E-02 
       488 -4.960978465E-01  1.066776076E-02 -1.189662765E+00 
       489  4.221586116E-01  1.077392415E-02  4.751857048E-02 
       490  4.200412800E-01  1.105438037E-02  4.366523481E-02 
       491 -4.955920553E-01  1.132985757E-02 -1.244330543E+00 
       492  4.178980361E-01  1.133756127E-02  3.983325086E-02 
       493  4.157290122E-01  1.162342265E-02  3.602051443E-02 
       494  4.135343421E-01  1.191192003E-02  3.222664203E-02 
       495 -4.950555870E-01  1.199024603E-02 -1.293686022E+00 
       496  4.113141611E-01  1.220300867E-02  2.845129542E-02 
       497  4.090686061E-01  1.249664352E-02  2.469414131E-02 
       498 -4.944884798E-01  1.264882506E-02 -1.337936834E+00 
       499  4.067978158E-01  1.279277932E-02  2.095481129E-02 
       500  4.045019301E-01  1.309137056E-02  1.723292082E-02 
       501 -4.938907739E-01  1.330549527E-02 -1.377320073E+00 
       502  4.021810906E-01  1.339237153E-02  1.352808151E-02 
       503  3.998354407E-01  1.369573631E-02  9.839907270E-03 
       504 -4.932625116E-01  1.396015892E-02 -1.412097308E+00 
       505  3.974651249E-01  1.400141883E-02  6.168017461E-03 
       506  3.950702894E-01  1.430937284E-02  2.512037936E-03 
       507 -4.926037373E-01  1.461271987E-02 -1.442408530E+00 
       508  3.926510820E-01  1.461955195E-02 -1.128398823E-03 
       509  3.902076519E-01  1.493190965E-02 -4.753654078E-03 
       510  3.877401498E-01  1.524639932E-02 -8.364083532E-03 
       511 -4.919144967E-01  1.526308358E-02 -1.468670485E+00 
       512  3.852487279E-01  1.556297427E-02 -1.196003807E-02 
       513  3.827335400E-01  1.588158770E-02 -1.554186511E-02 
       514 -4.911948377E-01  1.591115699E-02 -1.491361889E+00 
       515  3.801947411E-01  1.620219278E-02 -1.910990940E-02 
       516  3.776324879E-01  1.652474262E-02 -2.266451274E-02 
       517 -4.904448096E-01  1.655684856E-02 -1.510646335E+00 
       518  3.750469384E-01  1.684919032E-02 -2.620601763E-02 
       519  3.724382521E-01  1.717548896E-02 -2.973476547E-02 
       520 -4.896644636E-01  1.720006817E-02 -1.526766692E+00 
       521  3.698065899E-01  1.750359162E-02 -3.325110188E-02 
       522  3.671521142E-01  1.783345141E-02 -3.675539126E-02 
       523 -4.888538522E-01  1.784072714E-02 -1.539982056E+00 
       524  3.644749887E-01  1.816502144E-02 -4.024783496E-02 
       525 -4.880130298E-01  1.847873816E-02 -1.550544218E+00 
       526  3.617753785E-01  1.849825491E-02 -4.372866096E-02 
       527  3.590534502E-01  1.883310503E-02 -4.719822450E-02 
       528 -4.871420523E-01  1.911401528E-02 -1.558697136E+00 
       529  3.563093716E-01  1.916952511E-02 -5.065686447E-02 
       530  3.535433121E-01  1.950746852E-02 -5.410499830E-02 
       531 -4.862409772E-01  1.974647390E-02 -1.564658766E+00 
       532  3.507554422E-01  1.984688873E-02 -5.754300735E-02 
       533  3.479459339E-01  2.018773931E-02 -6.097122767E-02 
       534 -4.853098637E-01  2.037603075E-02 -1.568632235E+00 
       535  3.451149606E-01  2.052997392E-02 -6.439000181E-02 
       536  3.422626968E-01  2.087354637E-02 -6.779967309E-02 
       537 -4.843487724E-01  2.100260387E-02 -1.570814929E+00 
       538  3.393893185E-01  2.121841056E-02 -7.120058965E-02 
       539  3.364950029E-01  2.156452055E-02 -7.459310443E-02 
       540 -4.833577658E-01  2.162611260E-02 -1.571389897E+00 
       541  3.335799287E-01  2.191183050E-02 -7.797757548E-02 
       542 -4.823369079E-01  2.224647759E-02 -1.570526497E+00 
       543  3.306442754E-01  2.226029476E-02 -8.135436622E-02 
       544  3.276882244E-01  2.260986778E-02 -8.472384550E-02 
       545 -4.812862642E-01  2.286362079E-02 -1.568375072E+00 
       546  3.247119579E-01  2.296050420E-02 -8.808638781E-02 
       547  3.217156595E-01  2.331215878E-02 -9.144237335E-02 
       548 -4.802059021E-01  2.347746542E-02 -1.565072931E+00 
       549  3.186995140E-01  2.366478646E-02 -9.479218820E-02 
       550  3.156637075E-01  2.401834232E-02 -9.813622444E-02 
       551 -4.790958903E-01  2.408793601E-02 -1.560745088E+00 
       552  3.126084272E-01  2.437278159E-02 -1.014748802E-01 
       553 -4.779562996E-01  2.469495838E-02 -1.555505407E+00 
       554  3.095338617E-01  2.472805968E-02 -1.048085599E-01 
       555  3.064402005E-01  2.508413213E-02 -1.081376742E-01 
       556 -4.767872022E-01  2.529845964E-02 -1.549457188E+00 
       557  3.033276345E-01  2.544095465E-02 -1.114626401E-01 
       558  3.001963557E-01  2.579848308E-02 -1.147838813E-01 
       559 -4.755886719E-01  2.589836818E-02 -1.542694086E+00 
       560  2.970465572E-01  2.615667340E-02 -1.181018281E-01 
       561 -4.743607844E-01  2.649461367E-02 -1.535300823E+00 
       562  2.938784334E-01  2.651548176E-02 -1.214169161E-01 
       563  2.906921796E-01  2.687486440E-02 -1.247295867E-01 
       564 -4.731036169E-01  2.708712710E-02 -1.527353924E+00 
       565  2.874879924E-01  2.723477772E-02 -1.280402694E-01 
       566  2.842660695E-01  2.759517823E-02 -1.313493724E-01 
       567 -4.718172484E-01  2.767584072E-02 -1.518922433E+00 
       568  2.810266096E-01  2.795602253E-02 -1.346573158E-01 
       569 -4.705017596E-01  2.826068807E-02 -1.510068583E+00 
       570  2.777698125E-01  2.831726734E-02 -1.379645400E-01 
       571  2.744958791E-01  2.867886949E-02 -1.412714985E-01 
       572 -4.691572329E-01  2.884160400E-02 -1.500848413E+00 
       573  2.712050114E-01  2.904078584E-02 -1.445786576E-01 
       574  2.678974124E-01  2.940297336E-02 -1.478864906E-01 
       575 -4.677837523E-01  2.941852459E-02 -1.491312353E+00 
       576  2.645732861E-01  2.976538908E-02 -1.511954762E-01 
       577 -4.663814036E-01  2.999138723E-02 -1.481505743E+00 
       578  2.612328374E-01  3.012799005E-02 -1.545060968E-01 
       579  2.578762726E-01  3.049073337E-02 -1.578188377E-01 
       580 -4.649502742E-01  3.056013059E-02 -1.471469327E+00 
       581  2.545037987E-01  3.085357616E-02 -1.611341871E-01 
       582 -4.634904534E-01  3.112469457E-02 -1.461239686E+00 
       583  2.511156236E-01  3.121647553E-02 -1.644526353E-01 
       584  2.477119563E-01  3.157938860E-02 -1.677746749E-01 
       585 -4.620020320E-01  3.168502035E-02 -1.450849652E+00 
       586  2.442930069E-01  3.194227245E-02 -1.711007999E-01 
       587 -4.604851025E-01  3.224105035E-02 -1.440328666E+00 
       588  2.408589863E-01  3.230508414E-02 -1.744315063E-01 
       589  2.374101061E-01  3.266778065E-02 -1.777672906E-01 
       590 -4.589397594E-01  3.279272823E-02 -1.429703112E+00 
       591  2.339465793E-01  3.303031891E-02 -1.811086506E-01 
       592 -4.573660986E-01  3.333999889E-02 -1.418996622E+00 
       593  2.304686194E-01  3.339265575E-02 -1.844560842E-01 
       594  2.269764410E-01  3.375474789E-02 -1.878100894E-01 
       595 -4.557642177E-01  3.388280844E-02 -1.408230343E+00 
       596  2.234702594E-01  3.411655195E-02 -1.911711637E-01 
       597 -4.541342162E-01  3.442110417E-02 -1.397423186E+00 
       598  2.199502911E-01  3.447802439E-02 -1.945398038E-01 
       599  2.164167530E-01  3.483912153E-02 -1.979165053E-01 
       600 -4.524761952E-01  3.495483461E-02 -1.386592042E+00 
       601  2.128698632E-01  3.519979951E-02 -2.013017619E-01 
       602 -4.507902573E-01  3.548394942E-02 -1.375751991E+00 
       603  2.093098404E-01  3.556001427E-02 -2.046960652E-01 
       604  2.057369043E-01  3.591972158E-02 -2.080999044E-01 
       605 -4.490765072E-01  3.600839946E-02 -1.364916473E+00 
       606  2.021512752E-01  3.627887695E-02 -2.115137656E-01 
       607 -4.473350509E-01  3.652813671E-02 -1.354097454E+00 
       608  1.985531744E-01  3.663743567E-02 -2.149381311E-01 
       609  1.949428237E-01  3.699535277E-02 -2.183734798E-01 
       610 -4.455659962E-01  3.704311429E-02 -1.343305574E+00 
       611  1.913204459E-01  3.735258299E-02 -2.218202857E-01 
       612 -4.437694528E-01  3.755328643E-02 -1.332550272E+00 
       613  1.876862644E-01  3.770908082E-02 -2.252790182E-01 
       614 -4.419455316E-01  3.805860845E-02 -1.321839911E+00 
       615  1.840405034E-01  3.806480041E-02 -2.287501415E-01 
       616  1.803833878E-01  3.841969561E-02 -2.322341137E-01 
       617 -4.400943457E-01  3.855903675E-02 -1.311181883E+00 
       618  1.767151431E-01  3.877371994E-02 -2.357313868E-01 
       619 -4.382160095E-01  3.905452878E-02 -1.300582699E+00 
       620  1.730359957E-01  3.912682655E-02 -2.392424065E-01 
       621  1.693461725E-01  3.947896825E-02 -2.427676109E-01 
       622 -4.363106390E-01  3.954504302E-02 -1.290048084E+00 
       623  1.656459010E-01  3.983009748E-02 -2.463074310E-01 
       624 -4.343783523E-01  4.003053898E-02 -1.279583049E+00 
       625  1.619354096E-01  4.018016627E-02 -2.498622895E-01 
       626 -4.324192686E-01  4.051097716E-02 -1.269191962E+00 
       627  1.582149271E-01  4.052912628E-02 -2.534326009E-01 
       628  1.544846830E-01  4.087692873E-02 -2.570187710E-01 
       629 -4.304335091E-01  4.098631901E-02 -1.258878614E+00 
       630  1.507449075E-01  4.122352445E-02 -2.606211963E-01 
       631 -4.284211965E-01  4.145652697E-02 -1.248646272E+00 
       632  1.469958312E-01  4.156886382E-02 -2.642402637E-01 
       633  1.432376853E-01  4.191289681E-02 -2.678763504E-01 
       634 -4.263824552E-01  4.192156438E-02 -1.238497736E+00 
       635  1.394707017E-01  4.225557291E-02 -2.715298231E-01 
       636 -4.243174110E-01  4.238139550E-02 -1.228435381E+00 
       637  1.356951127E-01  4.259684118E-02 -2.752010381E-01 
       638 -4.222261917E-01  4.283598549E-02 -1.218461204E+00 
       639  1.319111513E-01  4.293665023E-02 -2.788903406E-01 
       640  1.281190509E-01  4.327494820E-02 -2.825980646E-01 
       641 -4.201089262E-01  4.328530034E-02 -1.208576860E+00 
       642  1.243190453E-01  4.361168276E-02 -2.863245325E-01 
       643 -4.179657455E-01  4.372930693E-02 -1.198783696E+00 
       644  1.205113690E-01  4.394680113E-02 -2.900700550E-01 
       645 -4.157967818E-01  4.416797293E-02 -1.189082774E+00 
       646  1.166962568E-01  4.428025003E-02 -2.938349308E-01 
       647 -4.136021692E-01  4.460126683E-02 -1.179474869E+00 
       648  1.128739441E-01  4.461197575E-02 -2.976194463E-01 
       649  1.090446667E-01  4.494192407E-02 -3.014238755E-01 
       650 -4.113820430E-01  4.502915790E-02 -1.169960395E+00 
       651  1.052086607E-01  4.527004035E-02 -3.052484800E-01 
       652 -4.091365405E-01  4.545161616E-02 -1.160539335E+00 
       653  1.013661629E-01  4.559626944E-02 -3.090935087E-01 
       654 -4.068658002E-01  4.586861239E-02 -1.151210769E+00 
       655  9.751741012E-02  4.592055577E-02 -3.129591983E-01 
       656  9.366263989E-02  4.624284329E-02 -3.168457730E-01 
       657 -4.045699624E-01  4.628011808E-02 -1.141973536E+00 
       658  8.980208996E-02  4.656307551E-02 -3.207534455E-01 
       659 -4.022491686E-01  4.668610542E-02 -1.132825413E+00 
       660  8.593599846E-02  4.688119550E-02 -3.246824174E-01 
       661 -3.999035623E-01  4.708654730E-02 -1.123767767E+00 
       662  8.206460389E-02  4.719714591E-02 -3.286328814E-01 
       663 -3.975332882E-01  4.748141727E-02 -1.114803037E+00 
       664  7.818814503E-02  4.751086895E-02 -3.326050241E-01 
       665  7.430686102E-02  4.782230643E-02 -3.365990306E-01 
       666 -3.951384927E-01  4.787068953E-02 -1.105930898E+00 
       667  7.042099126E-02  4.813139977E-02 -3.406150865E-01 
       668 -3.927193234E-01  4.825433891E-02 -1.097151011E+00 
       669  6.653077545E-02  4.843809000E-02 -3.446533557E-01 
       670 -3.902759297E-01  4.863234087E-02 -1.088462264E+00 
       671  6.263645357E-02  4.874231777E-02 -3.487134804E-01 
       672 -3.878084625E-01  4.900467148E-02 -1.079863836E+00 
       673  5.873826583E-02  4.904402341E-02 -3.527942287E-01 
       674  5.483645269E-02  4.934314687E-02 -3.568963734E-01 
       675 -3.853170740E-01  4.937130737E-02 -1.071354677E+00 
       676  5.093125483E-02  4.963962782E-02 -3.610214793E-01 
       677 -3.828019179E-01  4.973222577E-02 -1.062933792E+00 
       678  4.702291314E-02  4.993340562E-02 -3.651695033E-01 
       679 -3.802631496E-01  5.008740449E-02 -1.054600129E+00 
       680  4.311166871E-02  5.022441934E-02 -3.693403555E-01 
       681 -3.777009255E-01  5.043682187E-02 -1.046352662E+00 
       682  3.919776281E-02  5.051260782E-02 -3.735339406E-01 
       683 -3.751154039E-01  5.078045679E-02 -1.038190387E+00 
       684  3.528143685E-02  5.079790964E-02 -3.777502026E-01 
       685  3.136293242E-02  5.108026318E-02 -3.819891068E-01 
       686 -3.725067443E-01  5.111828869E-02 -1.030112365E+00 
       687  2.744249124E-02  5.135960664E-02 -3.862506261E-01 
       688 -3.698751077E-01  5.145029753E-02 -1.022117678E+00 
       689  2.352035512E-02  5.163587804E-02 -3.905347348E-01 
       690 -3.672206564E-01  5.177646377E-02 -1.014205200E+00 
       691  1.959676601E-02  5.190901530E-02 -3.948414060E-01 
       692 -3.645435543E-01  5.209676842E-02 -1.006372830E+00 
       693  1.567196594E-02  5.217895619E-02 -3.991706094E-01 
       694 -3.618439664E-01  5.241119296E-02 -9.986159174E-01 
       695  1.174619700E-02  5.244563843E-02 -4.035222324E-01 
       696  7.819701352E-03  5.270899968E-02 -4.078960776E-01 
       697 -3.591220595E-01  5.271971942E-02 -9.909276644E-01 
       698  3.892721207E-03  5.296897756E-02 -4.122920238E-01 
       699 -3.563780014E-01  5.302233029E-02 -9.832981323E-01 
       700 -3.450120263E-05  5.322550973E-02 -4.167100228E-01 
       701 -3.536119614E-01  5.331900859E-02 -9.757352505E-01 
       702 -3.961723627E-03  5.347853387E-02 -4.211500089E-01 
       703 -3.508241103E-01  5.360973783E-02 -9.682489181E-01 
       704 -7.888703816E-03  5.372798771E-02 -4.256118994E-01 
       705 -3.480146199E-01  5.389450203E-02 -9.608359235E-01 
       706 -1.181519953E-02  5.397380911E-02 -4.300955967E-01 
       707 -3.451836637E-01  5.417328570E-02 -9.534957445E-01 
       708 -1.574096857E-02  5.421593605E-02 -4.346009929E-01 
       709 -3.423314163E-01  5.444607387E-02 -9.462258902E-01 
       710 -1.966576878E-02  5.445430666E-02 -4.391279738E-01 
       711 -2.358935804E-02  5.468885929E-02 -4.436764232E-01 
       712 -3.394580536E-01  5.471285208E-02 -9.390246720E-01 
       713 -2.751149434E-02  5.491953250E-02 -4.482462301E-01 
       714 -3.365637531E-01  5.497360636E-02 -9.318902063E-01 
       715 -3.143193574E-02  5.514626513E-02 -4.528372837E-01 
       716 -3.336486931E-01  5.522832330E-02 -9.248208470E-01 
       717 -3.535044040E-02  5.536899628E-02 -4.574495056E-01 
       718 -3.307130536E-01  5.547698999E-02 -9.178149654E-01 
       719 -3.926676662E-02  5.558766543E-02 -4.620828795E-01 
       720 -3.277570156E-01  5.571959406E-02 -9.108710178E-01 
       721 -4.318067281E-02  5.580221237E-02 -4.667373541E-01 
       722 -3.247807616E-01  5.595612370E-02 -9.039874940E-01 
       723 -4.709191754E-02  5.601257732E-02 -4.714128319E-01 
       724 -3.217844751E-01  5.618656762E-02 -8.971629250E-01 
       725 -5.100025955E-02  5.621870091E-02 -4.761094322E-01 
       726 -3.187683410E-01  5.641091512E-02 -8.903958711E-01 
       727 -5.490545775E-02  5.642052423E-02 -4.808268611E-01 
       728 -5.880727126E-02  5.661798888E-02 -4.855673454E-01 
       729 -3.157325453E-01  5.662915609E-02 -8.836849207E-01 
       730 -6.270545938E-02  5.681103697E-02 -4.903337682E-01 
       731 -3.126772754E-01  5.684128096E-02 -8.770286864E-01 
       732 -6.659978165E-02  5.699961117E-02 -4.951250505E-01 
       733 -3.096027198E-01  5.704728081E-02 -8.704258037E-01 
       734 -7.048999786E-02  5.718365475E-02 -4.999396154E-01 
       735 -3.065090680E-01  5.724714731E-02 -8.638749272E-01 
       736 -7.437586803E-02  5.736311159E-02 -5.047763147E-01 
       737 -3.033965110E-01  5.744087275E-02 -8.573747278E-01 
       738 -7.825715247E-02  5.753792622E-02 -5.096339233E-01 
       739 -3.002652408E-01  5.762845010E-02 -8.509238852E-01 
       740 -8.213361175E-02  5.770804387E-02 -5.145117173E-01 
       741 -2.971154505E-01  5.780987295E-02 -8.445210859E-01 
       742 -8.600500675E-02  5.787341047E-02 -5.194091150E-01 
       743 -2.939473344E-01  5.798513559E-02 -8.381650109E-01 
       744 -8.987109868E-02  5.803397268E-02 -5.243257143E-01 
       745 -2.907610880E-01  5.815423298E-02 -8.318543315E-01 
       746 -9.373164904E-02  5.818967795E-02 -5.292612662E-01 
       747 -2.875569079E-01  5.831716083E-02 -8.255877466E-01 
       748 -9.758641969E-02  5.834047451E-02 -5.342156766E-01 
       749 -2.843349917E-01  5.847391553E-02 -8.193639324E-01 
       750 -1.014351729E-01  5.848631144E-02 -5.391886389E-01 
       751 -2.810955381E-01  5.862449424E-02 -8.131817747E-01 
       752 -1.052776711E-01  5.862713863E-02 -5.441798079E-01 
       753 -1.091136775E-01  5.876290689E-02 -5.491889801E-01 
       754 -2.778387470E-01  5.876889488E-02 -8.070402694E-01 
       755 -1.129429553E-01  5.889356789E-02 -5.542159379E-01 
       756 -2.745648193E-01  5.890711615E-02 -8.009385474E-01 
       757 -1.167652683E-01  5.901907425E-02 -5.592605440E-01 
       758 -2.712739570E-01  5.903915755E-02 -7.948757502E-01 
       759 -1.205803808E-01  5.913937951E-02 -5.643226826E-01 
       760 -2.679663631E-01  5.916501939E-02 -7.888517295E-01 
       761 -1.243880574E-01  5.925443820E-02 -5.694022582E-01 
       762 -2.646422416E-01  5.928470283E-02 -7.828660224E-01 
       763 -1.281880633E-01  5.936420582E-02 -5.744991875E-01 
       764 -2.613017976E-01  5.939820986E-02 -7.769167986E-01 
       765 -1.319801640E-01  5.946863887E-02 -5.796134209E-01 
       766 -2.579452371E-01  5.950554338E-02 -7.710023587E-01 
       767 -1.357641256E-01  5.956769490E-02 -5.847449381E-01 
       768 -2.545727671E-01  5.960670714E-02 -7.651211374E-01 
       769 -1.395397147E-01  5.966133247E-02 -5.898937450E-01 
       770 -2.511845959E-01  5.970170583E-02 -7.592713391E-01 
       771 -1.433066985E-01  5.974951120E-02 -5.950598784E-01 
       772 -2.477809323E-01  5.979054505E-02 -7.534509367E-01 
       773 -1.470648444E-01  5.983219178E-02 -6.002434017E-01 
       774 -2.443619862E-01  5.987323135E-02 -7.476573250E-01 
       775 -1.508139208E-01  5.990933600E-02 -6.054443977E-01 
       776 -2.409279687E-01  5.994977225E-02 -7.418896263E-01 
       777 -1.545536963E-01  5.998090672E-02 -6.106629544E-01 
       778 -2.374790916E-01  6.002017623E-02 -7.361488684E-01 
       779 -1.582839403E-01  6.004686790E-02 -6.158991529E-01 
       780 -2.340155675E-01  6.008445277E-02 -7.304355189E-01 
       781 -1.620044226E-01  6.010718464E-02 -6.211530682E-01 
       782 -2.305376102E-01  6.014261236E-02 -7.247495541E-01 
       783 -1.657149138E-01  6.016182315E-02 -6.264247952E-01 
       784 -2.270454342E-01  6.019466652E-02 -7.190905243E-01 
       785 -1.694151849E-01  6.021075075E-02 -6.317144559E-01 
       786 -2.235392548E-01  6.024062781E-02 -7.134578097E-01 
       787 -1.731050078E-01  6.025393591E-02 -6.370222234E-01 
       788 -2.200192885E-01  6.028050983E-02 -7.078507386E-01 
       789 -1.767841547E-01  6.029134825E-02 -6.423483401E-01 
       790 -2.164857524E-01  6.031432725E-02 -7.022686527E-01 
       791 -1.804523988E-01  6.032295850E-02 -6.476931385E-01 
       792 -2.129388643E-01  6.034209581E-02 -6.967109014E-01 
       793 -1.841095138E-01  6.034873857E-02 -6.530570207E-01 
       794 -2.093788432E-01  6.036383236E-02 -6.911769146E-01 
       795 -1.877552740E-01  6.036866148E-02 -6.584404078E-01 
       796 -2.058059085E-01  6.037955482E-02 -6.856661923E-01 
       797 -1.913894547E-01  6.038270142E-02 -6.638437407E-01 
       798 -2.022202808E-01  6.038928224E-02 -6.801781344E-01 
       799 -1.950118315E-01  6.039083370E-02 -6.692674747E-01 
       800 -1.986221811E-01  6.039303477E-02 -6.747120943E-01 
